Time_Days	Prod_method	Mean_part_size	Encaps_rate	Hyper_wiener_index	PLGA_conc	PVA_conc_inner_phase	Inner_phase_volume	PLGA_Mw	diss_add_conc	diss_pH	PVA_Mw	PLGA_visc	PLGA_to_Placticizer	PVA_conc_outer_phase	S_no	pH_1_logd	Dreiding_energy	pH_0_logd	Fused_aliphatic_ring_count	C_no	Q_perc
0.0	1	52.73	41.62	-429981997	13.33	0.0	3.0	46000	0.0	7.4	5000	0.63	2.0	2.0	39	-2.2	1166699.675	-2.2	0	2935	0.0
1.129	1	52.73	41.62	-429981997	13.33	0.0	3.0	46000	0.0	7.4	5000	0.63	2.0	2.0	39	-2.2	1166699.675	-2.2	0	2935	10.075
2.097	1	52.73	41.62	-429981997	13.33	0.0	3.0	46000	0.0	7.4	5000	0.63	2.0	2.0	39	-2.2	1166699.675	-2.2	0	2935	11.472000000000001
8.065	1	52.73	41.62	-429981997	13.33	0.0	3.0	46000	0.0	7.4	5000	0.63	2.0	2.0	39	-2.2	1166699.675	-2.2	0	2935	13.128
15.0	1	52.73	41.62	-429981997	13.33	0.0	3.0	46000	0.0	7.4	5000	0.63	2.0	2.0	39	-2.2	1166699.675	-2.2	0	2935	16.18
23.065	1	52.73	41.62	-429981997	13.33	0.0	3.0	46000	0.0	7.4	5000	0.63	2.0	2.0	39	-2.2	1166699.675	-2.2	0	2935	18.108
30.0	1	52.73	41.62	-429981997	13.33	0.0	3.0	46000	0.0	7.4	5000	0.63	2.0	2.0	39	-2.2	1166699.675	-2.2	0	2935	19.76
36.774	1	52.73	41.62	-429981997	13.33	0.0	3.0	46000	0.0	7.4	5000	0.63	2.0	2.0	39	-2.2	1166699.675	-2.2	0	2935	20.853
45.806000000000004	1	52.73	41.62	-429981997	13.33	0.0	3.0	46000	0.0	7.4	5000	0.63	2.0	2.0	39	-2.2	1166699.675	-2.2	0	2935	23.616999999999997
48.871	1	52.73	41.62	-429981997	13.33	0.0	3.0	46000	0.0	7.4	5000	0.63	2.0	2.0	39	-2.2	1166699.675	-2.2	0	2935	26.405
58.065	1	52.73	41.62	-429981997	13.33	0.0	3.0	46000	0.0	7.4	5000	0.63	2.0	2.0	39	-2.2	1166699.675	-2.2	0	2935	35.888000000000005
65.0	1	52.73	41.62	-429981997	13.33	0.0	3.0	46000	0.0	7.4	5000	0.63	2.0	2.0	39	-2.2	1166699.675	-2.2	0	2935	38.66
0.0	1	53.62	38.82	-429981997	13.33	0.0	3.0	46000	0.0	7.4	5000	0.63	1.0	2.0	39	-2.2	1166699.675	-2.2	0	2935	0.0
1.129	1	53.62	38.82	-429981997	13.33	0.0	3.0	46000	0.0	7.4	5000	0.63	1.0	2.0	39	-2.2	1166699.675	-2.2	0	2935	25.095
1.935	1	53.62	38.82	-429981997	13.33	0.0	3.0	46000	0.0	7.4	5000	0.63	1.0	2.0	39	-2.2	1166699.675	-2.2	0	2935	29.275
8.065	1	53.62	38.82	-429981997	13.33	0.0	3.0	46000	0.0	7.4	5000	0.63	1.0	2.0	39	-2.2	1166699.675	-2.2	0	2935	34.271
15.0	1	53.62	38.82	-429981997	13.33	0.0	3.0	46000	0.0	7.4	5000	0.63	1.0	2.0	39	-2.2	1166699.675	-2.2	0	2935	38.426
23.065	1	53.62	38.82	-429981997	13.33	0.0	3.0	46000	0.0	7.4	5000	0.63	1.0	2.0	39	-2.2	1166699.675	-2.2	0	2935	41.183
30.0	1	53.62	38.82	-429981997	13.33	0.0	3.0	46000	0.0	7.4	5000	0.63	1.0	2.0	39	-2.2	1166699.675	-2.2	0	2935	43.108000000000004
36.774	1	53.62	38.82	-429981997	13.33	0.0	3.0	46000	0.0	7.4	5000	0.63	1.0	2.0	39	-2.2	1166699.675	-2.2	0	2935	45.033
45.806000000000004	1	53.62	38.82	-429981997	13.33	0.0	3.0	46000	0.0	7.4	5000	0.63	1.0	2.0	39	-2.2	1166699.675	-2.2	0	2935	48.901
49.032	1	53.62	38.82	-429981997	13.33	0.0	3.0	46000	0.0	7.4	5000	0.63	1.0	2.0	39	-2.2	1166699.675	-2.2	0	2935	51.956
57.903	1	53.62	38.82	-429981997	13.33	0.0	3.0	46000	0.0	7.4	5000	0.63	1.0	2.0	39	-2.2	1166699.675	-2.2	0	2935	58.614
65.0	1	53.62	38.82	-429981997	13.33	0.0	3.0	46000	0.0	7.4	5000	0.63	1.0	2.0	39	-2.2	1166699.675	-2.2	0	2935	59.98
0.0	1	58.22	46.91	-429981997	13.33	0.0	3.0	46000	0.0	7.4	5000	0.63	10.0	2.0	39	10.92	1166699.675	10.92	0	2935	0.0
0.835	1	58.22	46.91	-429981997	13.33	0.0	3.0	46000	0.0	7.4	5000	0.63	10.0	2.0	39	10.92	1166699.675	10.92	0	2935	6.843999999999999
2.005	1	58.22	46.91	-429981997	13.33	0.0	3.0	46000	0.0	7.4	5000	0.63	10.0	2.0	39	10.92	1166699.675	10.92	0	2935	10.782
9.021	1	58.22	46.91	-429981997	13.33	0.0	3.0	46000	0.0	7.4	5000	0.63	10.0	2.0	39	10.92	1166699.675	10.92	0	2935	12.629000000000001
16.038	1	58.22	46.91	-429981997	13.33	0.0	3.0	46000	0.0	7.4	5000	0.63	10.0	2.0	39	10.92	1166699.675	10.92	0	2935	13.23
23.89	1	58.22	46.91	-429981997	13.33	0.0	3.0	46000	0.0	7.4	5000	0.63	10.0	2.0	39	10.92	1166699.675	10.92	0	2935	15.074000000000002
29.905	1	58.22	46.91	-429981997	13.33	0.0	3.0	46000	0.0	7.4	5000	0.63	10.0	2.0	39	10.92	1166699.675	10.92	0	2935	16.715999999999998
36.754	1	58.22	46.91	-429981997	13.33	0.0	3.0	46000	0.0	7.4	5000	0.63	10.0	2.0	39	10.92	1166699.675	10.92	0	2935	17.941
44.773	1	58.22	46.91	-429981997	13.33	0.0	3.0	46000	0.0	7.4	5000	0.63	10.0	2.0	39	10.92	1166699.675	10.92	0	2935	20.199
50.788000000000004	1	58.22	46.91	-429981997	13.33	0.0	3.0	46000	0.0	7.4	5000	0.63	10.0	2.0	39	10.92	1166699.675	10.92	0	2935	23.916
57.803999999999995	1	58.22	46.91	-429981997	13.33	0.0	3.0	46000	0.0	7.4	5000	0.63	10.0	2.0	39	10.92	1166699.675	10.92	0	2935	27.421999999999997
0.0	1	62.0	30.98	-429981997	13.33	0.0	3.0	46000	0.0	7.4	5000	0.63	2.0	2.0	39	10.92	1166699.675	10.92	0	2935	0.0
1.002	1	62.0	30.98	-429981997	13.33	0.0	3.0	46000	0.0	7.4	5000	0.63	2.0	2.0	39	10.92	1166699.675	10.92	0	2935	9.126
2.005	1	62.0	30.98	-429981997	13.33	0.0	3.0	46000	0.0	7.4	5000	0.63	2.0	2.0	39	10.92	1166699.675	10.92	0	2935	12.235
8.854	1	62.0	30.98	-429981997	13.33	0.0	3.0	46000	0.0	7.4	5000	0.63	2.0	2.0	39	10.92	1166699.675	10.92	0	2935	13.667
16.038	1	62.0	30.98	-429981997	13.33	0.0	3.0	46000	0.0	7.4	5000	0.63	2.0	2.0	39	10.92	1166699.675	10.92	0	2935	14.89
23.89	1	62.0	30.98	-429981997	13.33	0.0	3.0	46000	0.0	7.4	5000	0.63	2.0	2.0	39	10.92	1166699.675	10.92	0	2935	16.734
29.905	1	62.0	30.98	-429981997	13.33	0.0	3.0	46000	0.0	7.4	5000	0.63	2.0	2.0	39	10.92	1166699.675	10.92	0	2935	18.791
36.754	1	62.0	30.98	-429981997	13.33	0.0	3.0	46000	0.0	7.4	5000	0.63	2.0	2.0	39	10.92	1166699.675	10.92	0	2935	20.638
44.773	1	62.0	30.98	-429981997	13.33	0.0	3.0	46000	0.0	7.4	5000	0.63	2.0	2.0	39	10.92	1166699.675	10.92	0	2935	25.801
50.788000000000004	1	62.0	30.98	-429981997	13.33	0.0	3.0	46000	0.0	7.4	5000	0.63	2.0	2.0	39	10.92	1166699.675	10.92	0	2935	30.14
57.803999999999995	1	62.0	30.98	-429981997	13.33	0.0	3.0	46000	0.0	7.4	5000	0.63	2.0	2.0	39	10.92	1166699.675	10.92	0	2935	35.098
1.0070000000000001	1	70.0	85.3	899761443	18.0	0.0	2.5	23000	0.05	7.4	40500	0.3	0.0	2.0	5	0.0	29156.8	0.0	0	821	13.187000000000001
3.022	1	70.0	85.3	899761443	18.0	0.0	2.5	23000	0.05	7.4	40500	0.3	0.0	2.0	5	0.0	29156.8	0.0	0	821	17.582
4.91	1	70.0	85.3	899761443	18.0	0.0	2.5	23000	0.05	7.4	40500	0.3	0.0	2.0	5	0.0	29156.8	0.0	0	821	29.121
7.932	1	70.0	85.3	899761443	18.0	0.0	2.5	23000	0.05	7.4	40500	0.3	0.0	2.0	5	0.0	29156.8	0.0	0	821	32.418
10.953	1	70.0	85.3	899761443	18.0	0.0	2.5	23000	0.05	7.4	40500	0.3	0.0	2.0	5	0.0	29156.8	0.0	0	821	46.153999999999996
13.975	1	70.0	85.3	899761443	18.0	0.0	2.5	23000	0.05	7.4	40500	0.3	0.0	2.0	5	0.0	29156.8	0.0	0	821	59.89
16.996	1	70.0	85.3	899761443	18.0	0.0	2.5	23000	0.05	7.4	40500	0.3	0.0	2.0	5	0.0	29156.8	0.0	0	821	70.87899999999999
21.025	1	70.0	85.3	899761443	18.0	0.0	2.5	23000	0.05	7.4	40500	0.3	0.0	2.0	5	0.0	29156.8	0.0	0	821	81.868
24.928	1	70.0	85.3	899761443	18.0	0.0	2.5	23000	0.05	7.4	40500	0.3	0.0	2.0	5	0.0	29156.8	0.0	0	821	90.65899999999999
29.083000000000002	1	70.0	85.3	899761443	18.0	0.0	2.5	23000	0.05	7.4	40500	0.3	0.0	2.0	5	0.0	29156.8	0.0	0	821	96.154
32.986	1	70.0	85.3	899761443	18.0	0.0	2.5	23000	0.05	7.4	40500	0.3	0.0	2.0	5	0.0	29156.8	0.0	0	821	100.54899999999999
0.0	2	24.5	86.76	-429981997	6.0	2.5	1.0	38000	0.0	7.4	40000	0.45	0.0	0.5	39	0.0	1166699.675	0.0	0	2935	0.0
0.017	2	24.5	86.76	-429981997	6.0	2.5	1.0	38000	0.0	7.4	40000	0.45	0.0	0.5	39	0.0	1166699.675	0.0	0	2935	45.185
0.252	2	24.5	86.76	-429981997	6.0	2.5	1.0	38000	0.0	7.4	40000	0.45	0.0	0.5	39	0.0	1166699.675	0.0	0	2935	68.889
1.0	2	24.5	86.76	-429981997	6.0	2.5	1.0	38000	0.0	7.4	40000	0.45	0.0	0.5	39	0.0	1166699.675	0.0	0	2935	78.51899999999999
2.008	2	24.5	86.76	-429981997	6.0	2.5	1.0	38000	0.0	7.4	40000	0.45	0.0	0.5	39	0.0	1166699.675	0.0	0	2935	95.556
3.0	2	24.5	86.76	-429981997	6.0	2.5	1.0	38000	0.0	7.4	40000	0.45	0.0	0.5	39	0.0	1166699.675	0.0	0	2935	96.667
5.024	2	24.5	86.76	-429981997	6.0	2.5	1.0	38000	0.0	7.4	40000	0.45	0.0	0.5	39	0.0	1166699.675	0.0	0	2935	97.385
6.0120000000000005	2	24.5	86.76	-429981997	6.0	2.5	1.0	38000	0.0	7.4	40000	0.45	0.0	0.5	39	0.0	1166699.675	0.0	0	2935	98.76899999999999
7.03	2	24.5	86.76	-429981997	6.0	2.5	1.0	38000	0.0	7.4	40000	0.45	0.0	0.5	39	0.0	1166699.675	0.0	0	2935	99.23100000000001
8.017000000000001	2	24.5	86.76	-429981997	6.0	2.5	1.0	38000	0.0	7.4	40000	0.45	0.0	0.5	39	0.0	1166699.675	0.0	0	2935	99.69200000000001
9.993	2	24.5	86.76	-429981997	6.0	2.5	1.0	38000	0.0	7.4	40000	0.45	0.0	0.5	39	0.0	1166699.675	0.0	0	2935	99.69200000000001
11.01	2	24.5	86.76	-429981997	6.0	2.5	1.0	38000	0.0	7.4	40000	0.45	0.0	0.5	39	0.0	1166699.675	0.0	0	2935	99.69200000000001
12.027000000000001	2	24.5	86.76	-429981997	6.0	2.5	1.0	38000	0.0	7.4	40000	0.45	0.0	0.5	39	0.0	1166699.675	0.0	0	2935	99.69200000000001
13.015	2	24.5	86.76	-429981997	6.0	2.5	1.0	38000	0.0	7.4	40000	0.45	0.0	0.5	39	0.0	1166699.675	0.0	0	2935	99.69200000000001
14.032	2	24.5	86.76	-429981997	6.0	2.5	1.0	38000	0.0	7.4	40000	0.45	0.0	0.5	39	0.0	1166699.675	0.0	0	2935	99.69200000000001
18.958	2	24.5	86.76	-429981997	6.0	2.5	1.0	38000	0.0	7.4	40000	0.45	0.0	0.5	39	0.0	1166699.675	0.0	0	2935	100.0
23.958000000000002	2	24.5	86.76	-429981997	6.0	2.5	1.0	38000	0.0	7.4	40000	0.45	0.0	0.5	39	0.0	1166699.675	0.0	0	2935	100.0
26.979	2	24.5	86.76	-429981997	6.0	2.5	1.0	38000	0.0	7.4	40000	0.45	0.0	0.5	39	0.0	1166699.675	0.0	0	2935	100.0
0.0	2	24.5	90.16	-429981997	10.0	2.5	1.0	38000	0.0	7.4	40000	0.45	0.0	0.5	39	0.0	1166699.675	0.0	0	2935	0.0
0.025	2	24.5	90.16	-429981997	10.0	2.5	1.0	38000	0.0	7.4	40000	0.45	0.0	0.5	39	0.0	1166699.675	0.0	0	2935	41.481
0.261	2	24.5	90.16	-429981997	10.0	2.5	1.0	38000	0.0	7.4	40000	0.45	0.0	0.5	39	0.0	1166699.675	0.0	0	2935	64.444
1.0	2	24.5	90.16	-429981997	10.0	2.5	1.0	38000	0.0	7.4	40000	0.45	0.0	0.5	39	0.0	1166699.675	0.0	0	2935	77.03699999999999
2.008	2	24.5	90.16	-429981997	10.0	2.5	1.0	38000	0.0	7.4	40000	0.45	0.0	0.5	39	0.0	1166699.675	0.0	0	2935	94.444
3.0	2	24.5	90.16	-429981997	10.0	2.5	1.0	38000	0.0	7.4	40000	0.45	0.0	0.5	39	0.0	1166699.675	0.0	0	2935	96.667
5.024	2	24.5	90.16	-429981997	10.0	2.5	1.0	38000	0.0	7.4	40000	0.45	0.0	0.5	39	0.0	1166699.675	0.0	0	2935	97.385
6.0120000000000005	2	24.5	90.16	-429981997	10.0	2.5	1.0	38000	0.0	7.4	40000	0.45	0.0	0.5	39	0.0	1166699.675	0.0	0	2935	98.76899999999999
7.03	2	24.5	90.16	-429981997	10.0	2.5	1.0	38000	0.0	7.4	40000	0.45	0.0	0.5	39	0.0	1166699.675	0.0	0	2935	99.23100000000001
8.017000000000001	2	24.5	90.16	-429981997	10.0	2.5	1.0	38000	0.0	7.4	40000	0.45	0.0	0.5	39	0.0	1166699.675	0.0	0	2935	99.69200000000001
9.993	2	24.5	90.16	-429981997	10.0	2.5	1.0	38000	0.0	7.4	40000	0.45	0.0	0.5	39	0.0	1166699.675	0.0	0	2935	99.69200000000001
11.01	2	24.5	90.16	-429981997	10.0	2.5	1.0	38000	0.0	7.4	40000	0.45	0.0	0.5	39	0.0	1166699.675	0.0	0	2935	99.69200000000001
12.027000000000001	2	24.5	90.16	-429981997	10.0	2.5	1.0	38000	0.0	7.4	40000	0.45	0.0	0.5	39	0.0	1166699.675	0.0	0	2935	99.69200000000001
13.015	2	24.5	90.16	-429981997	10.0	2.5	1.0	38000	0.0	7.4	40000	0.45	0.0	0.5	39	0.0	1166699.675	0.0	0	2935	99.69200000000001
14.032	2	24.5	90.16	-429981997	10.0	2.5	1.0	38000	0.0	7.4	40000	0.45	0.0	0.5	39	0.0	1166699.675	0.0	0	2935	99.69200000000001
18.958	2	24.5	90.16	-429981997	10.0	2.5	1.0	38000	0.0	7.4	40000	0.45	0.0	0.5	39	0.0	1166699.675	0.0	0	2935	100.0
23.958000000000002	2	24.5	90.16	-429981997	10.0	2.5	1.0	38000	0.0	7.4	40000	0.45	0.0	0.5	39	0.0	1166699.675	0.0	0	2935	100.0
26.979	2	24.5	90.16	-429981997	10.0	2.5	1.0	38000	0.0	7.4	40000	0.45	0.0	0.5	39	0.0	1166699.675	0.0	0	2935	100.0
0.0	2	24.5	94.86	-429981997	20.0	2.5	1.0	38000	0.0	7.4	40000	0.45	0.0	0.5	39	0.0	1166699.675	0.0	0	2935	0.0
0.025	2	24.5	94.86	-429981997	20.0	2.5	1.0	38000	0.0	7.4	40000	0.45	0.0	0.5	39	0.0	1166699.675	0.0	0	2935	46.667
0.252	2	24.5	94.86	-429981997	20.0	2.5	1.0	38000	0.0	7.4	40000	0.45	0.0	0.5	39	0.0	1166699.675	0.0	0	2935	69.63
1.008	2	24.5	94.86	-429981997	20.0	2.5	1.0	38000	0.0	7.4	40000	0.45	0.0	0.5	39	0.0	1166699.675	0.0	0	2935	84.074
2.0	2	24.5	94.86	-429981997	20.0	2.5	1.0	38000	0.0	7.4	40000	0.45	0.0	0.5	39	0.0	1166699.675	0.0	0	2935	89.259
3.008	2	24.5	94.86	-429981997	20.0	2.5	1.0	38000	0.0	7.4	40000	0.45	0.0	0.5	39	0.0	1166699.675	0.0	0	2935	92.22200000000001
5.023	2	24.5	94.86	-429981997	20.0	2.5	1.0	38000	0.0	7.4	40000	0.45	0.0	0.5	39	0.0	1166699.675	0.0	0	2935	93.23100000000001
6.011	2	24.5	94.86	-429981997	20.0	2.5	1.0	38000	0.0	7.4	40000	0.45	0.0	0.5	39	0.0	1166699.675	0.0	0	2935	94.154
7.029	2	24.5	94.86	-429981997	20.0	2.5	1.0	38000	0.0	7.4	40000	0.45	0.0	0.5	39	0.0	1166699.675	0.0	0	2935	95.07700000000001
8.016	2	24.5	94.86	-429981997	20.0	2.5	1.0	38000	0.0	7.4	40000	0.45	0.0	0.5	39	0.0	1166699.675	0.0	0	2935	95.538
10.021	2	24.5	94.86	-429981997	20.0	2.5	1.0	38000	0.0	7.4	40000	0.45	0.0	0.5	39	0.0	1166699.675	0.0	0	2935	95.538
11.039000000000001	2	24.5	94.86	-429981997	20.0	2.5	1.0	38000	0.0	7.4	40000	0.45	0.0	0.5	39	0.0	1166699.675	0.0	0	2935	96.462
12.027000000000001	2	24.5	94.86	-429981997	20.0	2.5	1.0	38000	0.0	7.4	40000	0.45	0.0	0.5	39	0.0	1166699.675	0.0	0	2935	98.76899999999999
13.015	2	24.5	94.86	-429981997	20.0	2.5	1.0	38000	0.0	7.4	40000	0.45	0.0	0.5	39	0.0	1166699.675	0.0	0	2935	99.69200000000001
14.032	2	24.5	94.86	-429981997	20.0	2.5	1.0	38000	0.0	7.4	40000	0.45	0.0	0.5	39	0.0	1166699.675	0.0	0	2935	99.69200000000001
18.958	2	24.5	94.86	-429981997	20.0	2.5	1.0	38000	0.0	7.4	40000	0.45	0.0	0.5	39	0.0	1166699.675	0.0	0	2935	100.0
23.958000000000002	2	24.5	94.86	-429981997	20.0	2.5	1.0	38000	0.0	7.4	40000	0.45	0.0	0.5	39	0.0	1166699.675	0.0	0	2935	100.0
26.979	2	24.5	94.86	-429981997	20.0	2.5	1.0	38000	0.0	7.4	40000	0.45	0.0	0.5	39	0.0	1166699.675	0.0	0	2935	100.0
0.0	1	6.75	18.0	224033430	5.0	1.0	2.0	10000	0.04	7.4	25000	0.133	0.0	0.3	7	0.0	11461.34	0.0	0	270	0.0
0.8170000000000001	1	6.75	18.0	224033430	5.0	1.0	2.0	10000	0.04	7.4	25000	0.133	0.0	0.3	7	0.0	11461.34	0.0	0	270	66.37899999999999
3.065	1	6.75	18.0	224033430	5.0	1.0	2.0	10000	0.04	7.4	25000	0.133	0.0	0.3	7	0.0	11461.34	0.0	0	270	66.81
6.063	1	6.75	18.0	224033430	5.0	1.0	2.0	10000	0.04	7.4	25000	0.133	0.0	0.3	7	0.0	11461.34	0.0	0	270	67.241
9.06	1	6.75	18.0	224033430	5.0	1.0	2.0	10000	0.04	7.4	25000	0.133	0.0	0.3	7	0.0	11461.34	0.0	0	270	78.44800000000001
11.921	1	6.75	18.0	224033430	5.0	1.0	2.0	10000	0.04	7.4	25000	0.133	0.0	0.3	7	0.0	11461.34	0.0	0	270	93.53399999999999
14.985999999999999	1	6.75	18.0	224033430	5.0	1.0	2.0	10000	0.04	7.4	25000	0.133	0.0	0.3	7	0.0	11461.34	0.0	0	270	98.70700000000001
17.984	1	6.75	18.0	224033430	5.0	1.0	2.0	10000	0.04	7.4	25000	0.133	0.0	0.3	7	0.0	11461.34	0.0	0	270	100.0
24.932	1	6.75	18.0	224033430	5.0	1.0	2.0	10000	0.04	7.4	25000	0.133	0.0	0.3	7	0.0	11461.34	0.0	0	270	100.0
0.945	1	18.0	91.53	-429981997	20.0	1.0	1.0	10000	0.0	7.4	50000	0.16	0.0	0.3	39	0.0	1166699.675	0.0	0	2935	6.099
7.94	1	18.0	91.53	-429981997	20.0	1.0	1.0	10000	0.0	7.4	50000	0.16	0.0	0.3	39	0.0	1166699.675	0.0	0	2935	10.974
14.934000000000001	1	18.0	91.53	-429981997	20.0	1.0	1.0	10000	0.0	7.4	50000	0.16	0.0	0.3	39	0.0	1166699.675	0.0	0	2935	15.624
22.009	1	18.0	91.53	-429981997	20.0	1.0	1.0	10000	0.0	7.4	50000	0.16	0.0	0.3	39	0.0	1166699.675	0.0	0	2935	18.007
29.02	1	18.0	91.53	-429981997	20.0	1.0	1.0	10000	0.0	7.4	50000	0.16	0.0	0.3	39	0.0	1166699.675	0.0	0	2935	26.279
1.052	1	16.0	93.5	-70193260	20.0	1.0	1.0	10000	0.0	7.4	50000	0.16	0.0	0.3	10	0.0	8261.69	0.0	0	607	9.232000000000001
7.942	1	16.0	93.5	-70193260	20.0	1.0	1.0	10000	0.0	7.4	50000	0.16	0.0	0.3	10	0.0	8261.69	0.0	0	607	11.384
15.007	1	16.0	93.5	-70193260	20.0	1.0	1.0	10000	0.0	7.4	50000	0.16	0.0	0.3	10	0.0	8261.69	0.0	0	607	11.504000000000001
21.987	1	16.0	93.5	-70193260	20.0	1.0	1.0	10000	0.0	7.4	50000	0.16	0.0	0.3	10	0.0	8261.69	0.0	0	607	13.203
29.066	1	16.0	93.5	-70193260	20.0	1.0	1.0	10000	0.0	7.4	50000	0.16	0.0	0.3	10	0.0	8261.69	0.0	0	607	16.48
1.0170000000000001	1	46.0	91.09	-429981997	20.0	1.0	1.0	34000	0.0	7.4	50000	0.4	0.0	0.3	39	0.0	1166699.675	0.0	0	2935	2.456
8.089	1	46.0	91.09	-429981997	20.0	1.0	1.0	34000	0.0	7.4	50000	0.4	0.0	0.3	39	0.0	1166699.675	0.0	0	2935	5.003
14.974	1	46.0	91.09	-429981997	20.0	1.0	1.0	34000	0.0	7.4	50000	0.4	0.0	0.3	39	0.0	1166699.675	0.0	0	2935	6.4270000000000005
21.951	1	46.0	91.09	-429981997	20.0	1.0	1.0	34000	0.0	7.4	50000	0.4	0.0	0.3	39	0.0	1166699.675	0.0	0	2935	7.849
28.934	1	46.0	91.09	-429981997	20.0	1.0	1.0	34000	0.0	7.4	50000	0.4	0.0	0.3	39	0.0	1166699.675	0.0	0	2935	11.3
0.925	1	48.0	60.39	-70193260	20.0	1.0	1.0	34000	0.0	7.4	50000	0.4	0.0	0.3	10	0.0	8261.69	0.0	0	607	1.325
8.014	1	48.0	60.39	-70193260	20.0	1.0	1.0	34000	0.0	7.4	50000	0.4	0.0	0.3	10	0.0	8261.69	0.0	0	607	1.84
15.01	1	48.0	60.39	-70193260	20.0	1.0	1.0	34000	0.0	7.4	50000	0.4	0.0	0.3	10	0.0	8261.69	0.0	0	607	2.3569999999999998
22.006999999999998	1	48.0	60.39	-70193260	20.0	1.0	1.0	34000	0.0	7.4	50000	0.4	0.0	0.3	10	0.0	8261.69	0.0	0	607	3.0989999999999998
29.006999999999998	1	48.0	60.39	-70193260	20.0	1.0	1.0	34000	0.0	7.4	50000	0.4	0.0	0.3	10	0.0	8261.69	0.0	0	607	4.515
1.056	1	20.0	79.15	-70193260	20.0	1.0	1.0	10000	0.0	7.4	50000	0.16	100.0	0.3	10	1.3	8261.69	1.3	0	607	10.135
8.132	1	20.0	79.15	-70193260	20.0	1.0	1.0	10000	0.0	7.4	50000	0.16	100.0	0.3	10	1.3	8261.69	1.3	0	607	12.735
15.017999999999999	1	20.0	79.15	-70193260	20.0	1.0	1.0	10000	0.0	7.4	50000	0.16	100.0	0.3	10	1.3	8261.69	1.3	0	607	13.985
21.994	1	20.0	79.15	-70193260	20.0	1.0	1.0	10000	0.0	7.4	50000	0.16	100.0	0.3	10	1.3	8261.69	1.3	0	607	14.782
28.980999999999998	1	20.0	79.15	-70193260	20.0	1.0	1.0	10000	0.0	7.4	50000	0.16	100.0	0.3	10	1.3	8261.69	1.3	0	607	17.835
1.085	1	45.0	59.06	-429981997	20.0	1.0	1.0	34000	0.0	7.4	50000	0.4	100.0	0.3	39	1.3	1166699.675	1.3	0	2935	24.56
7.979	1	45.0	59.06	-429981997	20.0	1.0	1.0	34000	0.0	7.4	50000	0.4	100.0	0.3	39	1.3	1166699.675	1.3	0	2935	28.916
14.956	1	45.0	59.06	-429981997	20.0	1.0	1.0	34000	0.0	7.4	50000	0.4	100.0	0.3	39	1.3	1166699.675	1.3	0	2935	30.337
21.930999999999997	1	45.0	59.06	-429981997	20.0	1.0	1.0	34000	0.0	7.4	50000	0.4	100.0	0.3	39	1.3	1166699.675	1.3	0	2935	31.308000000000003
29.014	1	45.0	59.06	-429981997	20.0	1.0	1.0	34000	0.0	7.4	50000	0.4	100.0	0.3	39	1.3	1166699.675	1.3	0	2935	37.238
0.995	1	43.0	55.68	-70193260	20.0	1.0	1.0	34000	0.0	7.4	50000	0.4	100.0	0.3	10	1.3	8261.69	1.3	0	607	16.38
8.086	1	43.0	55.68	-70193260	20.0	1.0	1.0	34000	0.0	7.4	50000	0.4	100.0	0.3	10	1.3	8261.69	1.3	0	607	17.569000000000003
14.995	1	43.0	55.68	-70193260	20.0	1.0	1.0	34000	0.0	7.4	50000	0.4	100.0	0.3	10	1.3	8261.69	1.3	0	607	19.211
21.995	1	43.0	55.68	-70193260	20.0	1.0	1.0	34000	0.0	7.4	50000	0.4	100.0	0.3	10	1.3	8261.69	1.3	0	607	20.403
29.005	1	43.0	55.68	-70193260	20.0	1.0	1.0	34000	0.0	7.4	50000	0.4	100.0	0.3	10	1.3	8261.69	1.3	0	607	24.065
0.982	1	20.0	88.35	-70193260	20.0	1.0	1.0	10000	0.0	7.4	50000	0.16	100.0	0.3	10	18.14	8261.69	18.14	0	607	13.97
8.054	1	20.0	88.35	-70193260	20.0	1.0	1.0	10000	0.0	7.4	50000	0.16	100.0	0.3	10	18.14	8261.69	18.14	0	607	15.668
15.029000000000002	1	20.0	88.35	-70193260	20.0	1.0	1.0	10000	0.0	7.4	50000	0.16	100.0	0.3	10	18.14	8261.69	18.14	0	607	16.24
22.006999999999998	1	20.0	88.35	-70193260	20.0	1.0	1.0	10000	0.0	7.4	50000	0.16	100.0	0.3	10	18.14	8261.69	18.14	0	607	17.489
28.988000000000003	1	20.0	88.35	-70193260	20.0	1.0	1.0	10000	0.0	7.4	50000	0.16	100.0	0.3	10	18.14	8261.69	18.14	0	607	19.414
1.023	1	44.0	65.86	-429981997	20.0	1.0	1.0	34000	0.0	7.4	50000	0.4	100.0	0.3	39	18.14	1166699.675	18.14	0	2935	4.261
8.005	1	44.0	65.86	-429981997	20.0	1.0	1.0	34000	0.0	7.4	50000	0.4	100.0	0.3	39	18.14	1166699.675	18.14	0	2935	7.487
15.075	1	44.0	65.86	-429981997	20.0	1.0	1.0	34000	0.0	7.4	50000	0.4	100.0	0.3	39	18.14	1166699.675	18.14	0	2935	9.357000000000001
22.052	1	44.0	65.86	-429981997	20.0	1.0	1.0	34000	0.0	7.4	50000	0.4	100.0	0.3	39	18.14	1166699.675	18.14	0	2935	10.779000000000002
29.033	1	44.0	65.86	-429981997	20.0	1.0	1.0	34000	0.0	7.4	50000	0.4	100.0	0.3	39	18.14	1166699.675	18.14	0	2935	13.554
0.883	1	45.0	56.51	-70193260	20.0	1.0	1.0	34000	0.0	7.4	50000	0.4	100.0	0.3	10	18.14	8261.69	18.14	0	607	12.113
7.9879999999999995	1	45.0	56.51	-70193260	20.0	1.0	1.0	34000	0.0	7.4	50000	0.4	100.0	0.3	10	18.14	8261.69	18.14	0	607	16.223
14.987	1	45.0	56.51	-70193260	20.0	1.0	1.0	34000	0.0	7.4	50000	0.4	100.0	0.3	10	18.14	8261.69	18.14	0	607	17.414
21.984	1	45.0	56.51	-70193260	20.0	1.0	1.0	34000	0.0	7.4	50000	0.4	100.0	0.3	10	18.14	8261.69	18.14	0	607	18.156
28.987	1	45.0	56.51	-70193260	20.0	1.0	1.0	34000	0.0	7.4	50000	0.4	100.0	0.3	10	18.14	8261.69	18.14	0	607	20.021
0.9648152245999999	3	31.0	100.0	-429981997	4.0	0.0	5.0	34000	0.0	7.4	0	0.4	0.0	0.0	39	0.0	1166699.675	0.0	0	2935	62.998999999999995
3.9324023713	3	31.0	100.0	-429981997	4.0	0.0	5.0	34000	0.0	7.4	0	0.4	0.0	0.0	39	0.0	1166699.675	0.0	0	2935	70.491
6.9577573053999995	3	31.0	100.0	-429981997	4.0	0.0	5.0	34000	0.0	7.4	0	0.4	0.0	0.0	39	0.0	1166699.675	0.0	0	2935	71.566
8.99640116	3	31.0	100.0	-429981997	4.0	0.0	5.0	34000	0.0	7.4	0	0.4	0.0	0.0	39	0.0	1166699.675	0.0	0	2935	74.169
12.023386636500002	3	31.0	100.0	-429981997	4.0	0.0	5.0	34000	0.0	7.4	0	0.4	0.0	0.0	39	0.0	1166699.675	0.0	0	2935	77.885
16.0366173233	3	31.0	100.0	-429981997	4.0	0.0	5.0	34000	0.0	7.4	0	0.4	0.0	0.0	39	0.0	1166699.675	0.0	0	2935	79.319
18.0745623741	3	31.0	100.0	-429981997	4.0	0.0	5.0	34000	0.0	7.4	0	0.4	0.0	0.0	39	0.0	1166699.675	0.0	0	2935	80.79
0.962718813	3	30.0	100.0	-429981997	4.0	0.0	5.0	34000	0.0	7.4	0	0.4	100.0	0.0	39	1.3	1166699.675	1.3	0	2935	59.603
3.9880737470999996	3	30.0	100.0	-429981997	4.0	0.0	5.0	34000	0.0	7.4	0	0.4	100.0	0.0	39	1.3	1166699.675	1.3	0	2935	60.678000000000004
7.0152921583	3	30.0	100.0	-429981997	4.0	0.0	5.0	34000	0.0	7.4	0	0.4	100.0	0.0	39	1.3	1166699.675	1.3	0	2935	64.77199999999999
9.053237209	3	30.0	100.0	-429981997	4.0	0.0	5.0	34000	0.0	7.4	0	0.4	100.0	0.0	39	1.3	1166699.675	1.3	0	2935	66.243
12.0184950094	3	30.0	100.0	-429981997	4.0	0.0	5.0	34000	0.0	7.4	0	0.4	100.0	0.0	39	1.3	1166699.675	1.3	0	2935	69.961
16.0312598269	3	30.0	100.0	-429981997	4.0	0.0	5.0	34000	0.0	7.4	0	0.4	100.0	0.0	39	1.3	1166699.675	1.3	0	2935	70.64
18.0694378123	3	30.0	100.0	-429981997	4.0	0.0	5.0	34000	0.0	7.4	0	0.4	100.0	0.0	39	1.3	1166699.675	1.3	0	2935	72.488
0.9648152245999999	3	30.0	100.0	-429981997	4.0	0.0	5.0	34000	0.0	7.4	0	0.4	100.0	0.0	39	18.14	1166699.675	18.14	0	2935	62.998999999999995
3.9941300474	3	30.0	100.0	-429981997	4.0	0.0	5.0	34000	0.0	7.4	0	0.4	100.0	0.0	39	18.14	1166699.675	18.14	0	2935	70.49
7.0197179162	3	30.0	100.0	-429981997	4.0	0.0	5.0	34000	0.0	7.4	0	0.4	100.0	0.0	39	18.14	1166699.675	18.14	0	2935	71.942
9.0581288361	3	30.0	100.0	-429981997	4.0	0.0	5.0	34000	0.0	7.4	0	0.4	100.0	0.0	39	18.14	1166699.675	18.14	0	2935	74.168
11.961891895	3	30.0	100.0	-429981997	4.0	0.0	5.0	34000	0.0	7.4	0	0.4	100.0	0.0	39	18.14	1166699.675	18.14	0	2935	78.264
16.0363843887	3	30.0	100.0	-429981997	4.0	0.0	5.0	34000	0.0	7.4	0	0.4	100.0	0.0	39	18.14	1166699.675	18.14	0	2935	78.942
18.0743294394	3	30.0	100.0	-429981997	4.0	0.0	5.0	34000	0.0	7.4	0	0.4	100.0	0.0	39	18.14	1166699.675	18.14	0	2935	80.413
0.0	4	3.8	18.0	-429981997	2.2359999999999998	0.0	20.0	12000	0.0	7.4	0	0.2	10.4	0.0	39	-4.73	1166699.675	-4.73	0	2935	0.0
0.977	4	3.8	18.0	-429981997	2.2359999999999998	0.0	20.0	12000	0.0	7.4	0	0.2	10.4	0.0	39	-4.73	1166699.675	-4.73	0	2935	19.259
1.97	4	3.8	18.0	-429981997	2.2359999999999998	0.0	20.0	12000	0.0	7.4	0	0.2	10.4	0.0	39	-4.73	1166699.675	-4.73	0	2935	23.704
3.8560000000000003	4	3.8	18.0	-429981997	2.2359999999999998	0.0	20.0	12000	0.0	7.4	0	0.2	10.4	0.0	39	-4.73	1166699.675	-4.73	0	2935	30.741
5.942	4	3.8	18.0	-429981997	2.2359999999999998	0.0	20.0	12000	0.0	7.4	0	0.2	10.4	0.0	39	-4.73	1166699.675	-4.73	0	2935	38.148
7.928	4	3.8	18.0	-429981997	2.2359999999999998	0.0	20.0	12000	0.0	7.4	0	0.2	10.4	0.0	39	-4.73	1166699.675	-4.73	0	2935	45.926
10.009	4	3.8	18.0	-429981997	2.2359999999999998	0.0	20.0	12000	0.0	7.4	0	0.2	10.4	0.0	39	-4.73	1166699.675	-4.73	0	2935	57.778
11.999	4	3.8	18.0	-429981997	2.2359999999999998	0.0	20.0	12000	0.0	7.4	0	0.2	10.4	0.0	39	-4.73	1166699.675	-4.73	0	2935	61.111000000000004
13.888	4	3.8	18.0	-429981997	2.2359999999999998	0.0	20.0	12000	0.0	7.4	0	0.2	10.4	0.0	39	-4.73	1166699.675	-4.73	0	2935	65.926
15.876	4	3.8	18.0	-429981997	2.2359999999999998	0.0	20.0	12000	0.0	7.4	0	0.2	10.4	0.0	39	-4.73	1166699.675	-4.73	0	2935	71.111
19.955	4	3.8	18.0	-429981997	2.2359999999999998	0.0	20.0	12000	0.0	7.4	0	0.2	10.4	0.0	39	-4.73	1166699.675	-4.73	0	2935	78.148
25.927	4	3.8	18.0	-429981997	2.2359999999999998	0.0	20.0	12000	0.0	7.4	0	0.2	10.4	0.0	39	-4.73	1166699.675	-4.73	0	2935	86.667
30.008000000000003	4	3.8	18.0	-429981997	2.2359999999999998	0.0	20.0	12000	0.0	7.4	0	0.2	10.4	0.0	39	-4.73	1166699.675	-4.73	0	2935	92.22200000000001
0.0	4	23.8	47.0	-429981997	0.602	0.0	20.0	98000	0.0	7.4	0	0.855	2.8	0.0	39	-4.73	1166699.675	-4.73	0	2935	0.0
0.94	4	23.8	47.0	-429981997	0.602	0.0	20.0	98000	0.0	7.4	0	0.855	2.8	0.0	39	-4.73	1166699.675	-4.73	0	2935	56.667
1.936	4	23.8	47.0	-429981997	0.602	0.0	20.0	98000	0.0	7.4	0	0.855	2.8	0.0	39	-4.73	1166699.675	-4.73	0	2935	57.407
3.929	4	23.8	47.0	-429981997	0.602	0.0	20.0	98000	0.0	7.4	0	0.855	2.8	0.0	39	-4.73	1166699.675	-4.73	0	2935	57.407
6.022	4	23.8	47.0	-429981997	0.602	0.0	20.0	98000	0.0	7.4	0	0.855	2.8	0.0	39	-4.73	1166699.675	-4.73	0	2935	57.778
8.013	4	23.8	47.0	-429981997	0.602	0.0	20.0	98000	0.0	7.4	0	0.855	2.8	0.0	39	-4.73	1166699.675	-4.73	0	2935	60.37
10.004	4	23.8	47.0	-429981997	0.602	0.0	20.0	98000	0.0	7.4	0	0.855	2.8	0.0	39	-4.73	1166699.675	-4.73	0	2935	62.963
11.994000000000002	4	23.8	47.0	-429981997	0.602	0.0	20.0	98000	0.0	7.4	0	0.855	2.8	0.0	39	-4.73	1166699.675	-4.73	0	2935	65.556
13.886	4	23.8	47.0	-429981997	0.602	0.0	20.0	98000	0.0	7.4	0	0.855	2.8	0.0	39	-4.73	1166699.675	-4.73	0	2935	67.778
15.979000000000001	4	23.8	47.0	-429981997	0.602	0.0	20.0	98000	0.0	7.4	0	0.855	2.8	0.0	39	-4.73	1166699.675	-4.73	0	2935	68.148
20.063	4	23.8	47.0	-429981997	0.602	0.0	20.0	98000	0.0	7.4	0	0.855	2.8	0.0	39	-4.73	1166699.675	-4.73	0	2935	69.63
26.039	4	23.8	47.0	-429981997	0.602	0.0	20.0	98000	0.0	7.4	0	0.855	2.8	0.0	39	-4.73	1166699.675	-4.73	0	2935	74.074
29.923000000000002	4	23.8	47.0	-429981997	0.602	0.0	20.0	98000	0.0	7.4	0	0.855	2.8	0.0	39	-4.73	1166699.675	-4.73	0	2935	77.03699999999999
0.0	4	1.3	23.0	-429981997	2.2359999999999998	0.0	20.0	98000	0.0	7.4	0	0.855	10.4	0.0	39	-4.73	1166699.675	-4.73	0	2935	0.0
0.9790000000000001	4	1.3	23.0	-429981997	2.2359999999999998	0.0	20.0	98000	0.0	7.4	0	0.855	10.4	0.0	39	-4.73	1166699.675	-4.73	0	2935	17.407
1.972	4	1.3	23.0	-429981997	2.2359999999999998	0.0	20.0	98000	0.0	7.4	0	0.855	10.4	0.0	39	-4.73	1166699.675	-4.73	0	2935	21.480999999999998
3.9589999999999996	4	1.3	23.0	-429981997	2.2359999999999998	0.0	20.0	98000	0.0	7.4	0	0.855	10.4	0.0	39	-4.73	1166699.675	-4.73	0	2935	27.778000000000002
5.946000000000001	4	1.3	23.0	-429981997	2.2359999999999998	0.0	20.0	98000	0.0	7.4	0	0.855	10.4	0.0	39	-4.73	1166699.675	-4.73	0	2935	34.074
7.93	4	1.3	23.0	-429981997	2.2359999999999998	0.0	20.0	98000	0.0	7.4	0	0.855	10.4	0.0	39	-4.73	1166699.675	-4.73	0	2935	43.70399999999999
9.911	4	1.3	23.0	-429981997	2.2359999999999998	0.0	20.0	98000	0.0	7.4	0	0.855	10.4	0.0	39	-4.73	1166699.675	-4.73	0	2935	55.556000000000004
12.001	4	1.3	23.0	-429981997	2.2359999999999998	0.0	20.0	98000	0.0	7.4	0	0.855	10.4	0.0	39	-4.73	1166699.675	-4.73	0	2935	58.888999999999996
15.975	4	1.3	23.0	-429981997	2.2359999999999998	0.0	20.0	98000	0.0	7.4	0	0.855	10.4	0.0	39	-4.73	1166699.675	-4.73	0	2935	71.48100000000001
19.956	4	1.3	23.0	-429981997	2.2359999999999998	0.0	20.0	98000	0.0	7.4	0	0.855	10.4	0.0	39	-4.73	1166699.675	-4.73	0	2935	77.03699999999999
25.929000000000002	4	1.3	23.0	-429981997	2.2359999999999998	0.0	20.0	98000	0.0	7.4	0	0.855	10.4	0.0	39	-4.73	1166699.675	-4.73	0	2935	84.815
29.91	4	1.3	23.0	-429981997	2.2359999999999998	0.0	20.0	98000	0.0	7.4	0	0.855	10.4	0.0	39	-4.73	1166699.675	-4.73	0	2935	90.0
0.0	4	2.2	29.0	-550519458	0.602	0.0	20.0	31000	0.0	7.4	0	0.38	2.8	0.0	7	-4.73	28921.96	-4.73	0	993	0.0
1.026	4	2.2	29.0	-550519458	0.602	0.0	20.0	31000	0.0	7.4	0	0.38	2.8	0.0	7	-4.73	28921.96	-4.73	0	993	29.412
1.93	4	2.2	29.0	-550519458	0.602	0.0	20.0	31000	0.0	7.4	0	0.38	2.8	0.0	7	-4.73	28921.96	-4.73	0	993	36.029
4.029	4	2.2	29.0	-550519458	0.602	0.0	20.0	31000	0.0	7.4	0	0.38	2.8	0.0	7	-4.73	28921.96	-4.73	0	993	42.278999999999996
5.926	4	2.2	29.0	-550519458	0.602	0.0	20.0	31000	0.0	7.4	0	0.38	2.8	0.0	7	-4.73	28921.96	-4.73	0	993	45.588
7.922000000000001	4	2.2	29.0	-550519458	0.602	0.0	20.0	31000	0.0	7.4	0	0.38	2.8	0.0	7	-4.73	28921.96	-4.73	0	993	48.897
10.021	4	2.2	29.0	-550519458	0.602	0.0	20.0	31000	0.0	7.4	0	0.38	2.8	0.0	7	-4.73	28921.96	-4.73	0	993	54.044
12.017000000000001	4	2.2	29.0	-550519458	0.602	0.0	20.0	31000	0.0	7.4	0	0.38	2.8	0.0	7	-4.73	28921.96	-4.73	0	993	57.353
14.117	4	2.2	29.0	-550519458	0.602	0.0	20.0	31000	0.0	7.4	0	0.38	2.8	0.0	7	-4.73	28921.96	-4.73	0	993	64.33800000000001
16.015	4	2.2	29.0	-550519458	0.602	0.0	20.0	31000	0.0	7.4	0	0.38	2.8	0.0	7	-4.73	28921.96	-4.73	0	993	68.382
20.012	4	2.2	29.0	-550519458	0.602	0.0	20.0	31000	0.0	7.4	0	0.38	2.8	0.0	7	-4.73	28921.96	-4.73	0	993	78.309
26.195999999999998	4	2.2	29.0	-550519458	0.602	0.0	20.0	31000	0.0	7.4	0	0.38	2.8	0.0	7	-4.73	28921.96	-4.73	0	993	83.088
29.989	4	2.2	29.0	-550519458	0.602	0.0	20.0	31000	0.0	7.4	0	0.38	2.8	0.0	7	-4.73	28921.96	-4.73	0	993	88.603
0.0	4	120.49	78.0	-429981997	12.14	0.0	3.5	50000	0.0	7.5	31000	0.72	0.0	0.6	39	0.0	1166699.675	0.0	0	2935	0.0
0.883	4	120.49	78.0	-429981997	12.14	0.0	3.5	50000	0.0	7.5	31000	0.72	0.0	0.6	39	0.0	1166699.675	0.0	0	2935	41.56399999999999
7.382000000000001	4	120.49	78.0	-429981997	12.14	0.0	3.5	50000	0.0	7.5	31000	0.72	0.0	0.6	39	0.0	1166699.675	0.0	0	2935	60.082
14.092	4	120.49	78.0	-429981997	12.14	0.0	3.5	50000	0.0	7.5	31000	0.72	0.0	0.6	39	0.0	1166699.675	0.0	0	2935	60.082
28.018	4	120.49	78.0	-429981997	12.14	0.0	3.5	50000	0.0	7.5	31000	0.72	0.0	0.6	39	0.0	1166699.675	0.0	0	2935	56.379
46.096000000000004	4	120.49	78.0	-429981997	12.14	0.0	3.5	50000	0.0	7.5	31000	0.72	0.0	0.6	39	0.0	1166699.675	0.0	0	2935	61.728
54.102	4	120.49	78.0	-429981997	12.14	0.0	3.5	50000	0.0	7.5	31000	0.72	0.0	0.6	39	0.0	1166699.675	0.0	0	2935	64.19800000000001
63.413999999999994	4	120.49	78.0	-429981997	12.14	0.0	3.5	50000	0.0	7.5	31000	0.72	0.0	0.6	39	0.0	1166699.675	0.0	0	2935	72.428
84.06	4	120.49	78.0	-429981997	12.14	0.0	3.5	50000	0.0	7.5	31000	0.72	0.0	0.6	39	0.0	1166699.675	0.0	0	2935	72.84
0.0	4	109.68	87.0	-429981997	12.14	0.0	3.5	33000	0.0	7.5	31000	0.55	0.0	0.6	39	0.0	1166699.675	0.0	0	2935	0.0
1.258	4	109.68	87.0	-429981997	12.14	0.0	3.5	33000	0.0	7.5	31000	0.55	0.0	0.6	39	0.0	1166699.675	0.0	0	2935	87.243
7.195	4	109.68	87.0	-429981997	12.14	0.0	3.5	33000	0.0	7.5	31000	0.55	0.0	0.6	39	0.0	1166699.675	0.0	0	2935	87.654
13.927	4	109.68	87.0	-429981997	12.14	0.0	3.5	33000	0.0	7.5	31000	0.55	0.0	0.6	39	0.0	1166699.675	0.0	0	2935	96.296
28.112	4	109.68	87.0	-429981997	12.14	0.0	3.5	33000	0.0	7.5	31000	0.55	0.0	0.6	39	0.0	1166699.675	0.0	0	2935	93.00399999999999
45.895	4	109.68	87.0	-429981997	12.14	0.0	3.5	33000	0.0	7.5	31000	0.55	0.0	0.6	39	0.0	1166699.675	0.0	0	2935	83.95100000000001
54.162	4	109.68	87.0	-429981997	12.14	0.0	3.5	33000	0.0	7.5	31000	0.55	0.0	0.6	39	0.0	1166699.675	0.0	0	2935	87.243
63.198	4	109.68	87.0	-429981997	12.14	0.0	3.5	33000	0.0	7.5	31000	0.55	0.0	0.6	39	0.0	1166699.675	0.0	0	2935	88.889
84.081	4	109.68	87.0	-429981997	12.14	0.0	3.5	33000	0.0	7.5	31000	0.55	0.0	0.6	39	0.0	1166699.675	0.0	0	2935	81.07
0.0	4	128.99	90.0	-429981997	12.14	0.0	3.5	60000	0.0	7.5	31000	0.72	0.0	0.6	39	0.0	1166699.675	0.0	0	2935	0.0
1.04	4	128.99	90.0	-429981997	12.14	0.0	3.5	60000	0.0	7.5	31000	0.72	0.0	0.6	39	0.0	1166699.675	0.0	0	2935	2.469
7.002000000000001	4	128.99	90.0	-429981997	12.14	0.0	3.5	60000	0.0	7.5	31000	0.72	0.0	0.6	39	0.0	1166699.675	0.0	0	2935	12.757
13.718	4	128.99	90.0	-429981997	12.14	0.0	3.5	60000	0.0	7.5	31000	0.72	0.0	0.6	39	0.0	1166699.675	0.0	0	2935	15.225999999999999
27.721	4	128.99	90.0	-429981997	12.14	0.0	3.5	60000	0.0	7.5	31000	0.72	0.0	0.6	39	0.0	1166699.675	0.0	0	2935	41.56399999999999
46.07899999999999	4	128.99	90.0	-429981997	12.14	0.0	3.5	60000	0.0	7.5	31000	0.72	0.0	0.6	39	0.0	1166699.675	0.0	0	2935	55.144
53.833999999999996	4	128.99	90.0	-429981997	12.14	0.0	3.5	60000	0.0	7.5	31000	0.72	0.0	0.6	39	0.0	1166699.675	0.0	0	2935	60.082
63.13399999999999	4	128.99	90.0	-429981997	12.14	0.0	3.5	60000	0.0	7.5	31000	0.72	0.0	0.6	39	0.0	1166699.675	0.0	0	2935	64.19800000000001
84.256	4	128.99	90.0	-429981997	12.14	0.0	3.5	60000	0.0	7.5	31000	0.72	0.0	0.6	39	0.0	1166699.675	0.0	0	2935	48.971000000000004
0.0	4	78.0	78.0	-429981997	12.14	0.0	3.5	46000	0.0	7.5	31000	0.525	8.41	0.6	39	-7.55	1166699.675	-7.55	0	2935	0.0
1.18	4	78.0	78.0	-429981997	12.14	0.0	3.5	46000	0.0	7.5	31000	0.525	8.41	0.6	39	-7.55	1166699.675	-7.55	0	2935	57.025
6.895	4	78.0	78.0	-429981997	12.14	0.0	3.5	46000	0.0	7.5	31000	0.525	8.41	0.6	39	-7.55	1166699.675	-7.55	0	2935	71.488
14.12	4	78.0	78.0	-429981997	12.14	0.0	3.5	46000	0.0	7.5	31000	0.525	8.41	0.6	39	-7.55	1166699.675	-7.55	0	2935	71.074
28.066	4	78.0	78.0	-429981997	12.14	0.0	3.5	46000	0.0	7.5	31000	0.525	8.41	0.6	39	-7.55	1166699.675	-7.55	0	2935	75.207
46.13	4	78.0	78.0	-429981997	12.14	0.0	3.5	46000	0.0	7.5	31000	0.525	8.41	0.6	39	-7.55	1166699.675	-7.55	0	2935	74.793
54.13399999999999	4	78.0	78.0	-429981997	12.14	0.0	3.5	46000	0.0	7.5	31000	0.525	8.41	0.6	39	-7.55	1166699.675	-7.55	0	2935	76.446
63.42100000000001	4	78.0	78.0	-429981997	12.14	0.0	3.5	46000	0.0	7.5	31000	0.525	8.41	0.6	39	-7.55	1166699.675	-7.55	0	2935	75.207
84.315	4	78.0	78.0	-429981997	12.14	0.0	3.5	46000	0.0	7.5	31000	0.525	8.41	0.6	39	-7.55	1166699.675	-7.55	0	2935	71.488
0.0	4	70.78	71.0	-429981997	12.14	0.0	3.5	46000	0.0	7.5	31000	0.525	5.29	0.6	39	-7.55	1166699.675	-7.55	0	2935	0.0
1.2329999999999999	4	70.78	71.0	-429981997	12.14	0.0	3.5	46000	0.0	7.5	31000	0.525	5.29	0.6	39	-7.55	1166699.675	-7.55	0	2935	77.273
7.196000000000001	4	70.78	71.0	-429981997	12.14	0.0	3.5	46000	0.0	7.5	31000	0.525	5.29	0.6	39	-7.55	1166699.675	-7.55	0	2935	88.01700000000001
14.185	4	70.78	71.0	-429981997	12.14	0.0	3.5	46000	0.0	7.5	31000	0.525	5.29	0.6	39	-7.55	1166699.675	-7.55	0	2935	96.281
28.119	4	70.78	71.0	-429981997	12.14	0.0	3.5	46000	0.0	7.5	31000	0.525	5.29	0.6	39	-7.55	1166699.675	-7.55	0	2935	95.868
46.163999999999994	4	70.78	71.0	-429981997	12.14	0.0	3.5	46000	0.0	7.5	31000	0.525	5.29	0.6	39	-7.55	1166699.675	-7.55	0	2935	88.01700000000001
54.157	4	70.78	71.0	-429981997	12.14	0.0	3.5	46000	0.0	7.5	31000	0.525	5.29	0.6	39	-7.55	1166699.675	-7.55	0	2935	85.537
63.198	4	70.78	71.0	-429981997	12.14	0.0	3.5	46000	0.0	7.5	31000	0.525	5.29	0.6	39	-7.55	1166699.675	-7.55	0	2935	88.84299999999999
84.324	4	70.78	71.0	-429981997	12.14	0.0	3.5	46000	0.0	7.5	31000	0.525	5.29	0.6	39	-7.55	1166699.675	-7.55	0	2935	75.207
0.0	4	102.29	74.0	-429981997	12.14	0.0	3.5	61500	0.0	7.5	31000	0.675	8.41	0.6	39	-7.55	1166699.675	-7.55	0	2935	0.0
1.1	4	102.29	74.0	-429981997	12.14	0.0	3.5	61500	0.0	7.5	31000	0.675	8.41	0.6	39	-7.55	1166699.675	-7.55	0	2935	26.236
7.1129999999999995	4	102.29	74.0	-429981997	12.14	0.0	3.5	61500	0.0	7.5	31000	0.675	8.41	0.6	39	-7.55	1166699.675	-7.55	0	2935	56.185
14.35	4	102.29	74.0	-429981997	12.14	0.0	3.5	61500	0.0	7.5	31000	0.675	8.41	0.6	39	-7.55	1166699.675	-7.55	0	2935	60.731
28.053	4	102.29	74.0	-429981997	12.14	0.0	3.5	61500	0.0	7.5	31000	0.675	8.41	0.6	39	-7.55	1166699.675	-7.55	0	2935	70.637
46.107	4	102.29	74.0	-429981997	12.14	0.0	3.5	61500	0.0	7.5	31000	0.675	8.41	0.6	39	-7.55	1166699.675	-7.55	0	2935	66.631
54.37	4	102.29	74.0	-429981997	12.14	0.0	3.5	61500	0.0	7.5	31000	0.675	8.41	0.6	39	-7.55	1166699.675	-7.55	0	2935	68.313
63.425	4	102.29	74.0	-429981997	12.14	0.0	3.5	61500	0.0	7.5	31000	0.675	8.41	0.6	39	-7.55	1166699.675	-7.55	0	2935	77.375
84.321	4	102.29	74.0	-429981997	12.14	0.0	3.5	61500	0.0	7.5	31000	0.675	8.41	0.6	39	-7.55	1166699.675	-7.55	0	2935	74.204
0.0	4	99.01	82.0	-429981997	12.14	0.0	3.5	61500	0.0	7.5	31000	0.675	5.29	0.6	39	-7.55	1166699.675	-7.55	0	2935	0.0
1.186	4	99.01	82.0	-429981997	12.14	0.0	3.5	61500	0.0	7.5	31000	0.675	5.29	0.6	39	-7.55	1166699.675	-7.55	0	2935	59.434
7.202000000000001	4	99.01	82.0	-429981997	12.14	0.0	3.5	61500	0.0	7.5	31000	0.675	5.29	0.6	39	-7.55	1166699.675	-7.55	0	2935	90.61200000000001
14.169	4	99.01	82.0	-429981997	12.14	0.0	3.5	61500	0.0	7.5	31000	0.675	5.29	0.6	39	-7.55	1166699.675	-7.55	0	2935	90.648
28.123	4	99.01	82.0	-429981997	12.14	0.0	3.5	61500	0.0	7.5	31000	0.675	5.29	0.6	39	-7.55	1166699.675	-7.55	0	2935	97.686
46.165	4	99.01	82.0	-429981997	12.14	0.0	3.5	61500	0.0	7.5	31000	0.675	5.29	0.6	39	-7.55	1166699.675	-7.55	0	2935	88.762
54.168	4	99.01	82.0	-429981997	12.14	0.0	3.5	61500	0.0	7.5	31000	0.675	5.29	0.6	39	-7.55	1166699.675	-7.55	0	2935	90.03299999999999
63.455	4	99.01	82.0	-429981997	12.14	0.0	3.5	61500	0.0	7.5	31000	0.675	5.29	0.6	39	-7.55	1166699.675	-7.55	0	2935	88.851
84.34100000000001	4	99.01	82.0	-429981997	12.14	0.0	3.5	61500	0.0	7.5	31000	0.675	5.29	0.6	39	-7.55	1166699.675	-7.55	0	2935	81.991
0.0	4	83.53	83.0	-429981997	12.14	0.0	3.5	46000	0.0	7.5	31000	0.525	0.0	0.6	39	0.0	1166699.675	0.0	0	2935	0.0
1.088	4	83.53	83.0	-429981997	12.14	0.0	3.5	46000	0.0	7.5	31000	0.525	0.0	0.6	39	0.0	1166699.675	0.0	0	2935	21.074
7.066	4	83.53	83.0	-429981997	12.14	0.0	3.5	46000	0.0	7.5	31000	0.525	0.0	0.6	39	0.0	1166699.675	0.0	0	2935	37.603
14.030999999999999	4	83.53	83.0	-429981997	12.14	0.0	3.5	46000	0.0	7.5	31000	0.525	0.0	0.6	39	0.0	1166699.675	0.0	0	2935	36.777
28.234	4	83.53	83.0	-429981997	12.14	0.0	3.5	46000	0.0	7.5	31000	0.525	0.0	0.6	39	0.0	1166699.675	0.0	0	2935	40.083
46.028	4	83.53	83.0	-429981997	12.14	0.0	3.5	46000	0.0	7.5	31000	0.525	0.0	0.6	39	0.0	1166699.675	0.0	0	2935	35.537
54.292	4	83.53	83.0	-429981997	12.14	0.0	3.5	46000	0.0	7.5	31000	0.525	0.0	0.6	39	0.0	1166699.675	0.0	0	2935	37.603
63.132	4	83.53	83.0	-429981997	12.14	0.0	3.5	46000	0.0	7.5	31000	0.525	0.0	0.6	39	0.0	1166699.675	0.0	0	2935	63.223
84.323	4	83.53	83.0	-429981997	12.14	0.0	3.5	46000	0.0	7.5	31000	0.525	0.0	0.6	39	0.0	1166699.675	0.0	0	2935	74.793
0.0	4	68.0	77.0	-429981997	12.14	0.0	3.5	46000	0.0	7.5	31000	0.525	0.0	0.6	39	0.0	1166699.675	0.0	0	2935	0.0
1.136	4	68.0	77.0	-429981997	12.14	0.0	3.5	46000	0.0	7.5	31000	0.525	0.0	0.6	39	0.0	1166699.675	0.0	0	2935	39.669000000000004
7.122999999999999	4	68.0	77.0	-429981997	12.14	0.0	3.5	46000	0.0	7.5	31000	0.525	0.0	0.6	39	0.0	1166699.675	0.0	0	2935	59.917
14.085	4	68.0	77.0	-429981997	12.14	0.0	3.5	46000	0.0	7.5	31000	0.525	0.0	0.6	39	0.0	1166699.675	0.0	0	2935	57.438
28.279	4	68.0	77.0	-429981997	12.14	0.0	3.5	46000	0.0	7.5	31000	0.525	0.0	0.6	39	0.0	1166699.675	0.0	0	2935	57.851000000000006
46.073	4	68.0	77.0	-429981997	12.14	0.0	3.5	46000	0.0	7.5	31000	0.525	0.0	0.6	39	0.0	1166699.675	0.0	0	2935	52.893
54.071999999999996	4	68.0	77.0	-429981997	12.14	0.0	3.5	46000	0.0	7.5	31000	0.525	0.0	0.6	39	0.0	1166699.675	0.0	0	2935	52.479
63.424	4	68.0	77.0	-429981997	12.14	0.0	3.5	46000	0.0	7.5	31000	0.525	0.0	0.6	39	0.0	1166699.675	0.0	0	2935	76.446
84.344	4	68.0	77.0	-429981997	12.14	0.0	3.5	46000	0.0	7.5	31000	0.525	0.0	0.6	39	0.0	1166699.675	0.0	0	2935	83.05799999999999
0.0	4	65.08	69.0	-429981997	12.14	0.0	3.5	46000	0.0	7.5	31000	0.525	0.0	0.6	39	0.0	1166699.675	0.0	0	2935	0.0
1.148	4	65.08	69.0	-429981997	12.14	0.0	3.5	46000	0.0	7.5	31000	0.525	0.0	0.6	39	0.0	1166699.675	0.0	0	2935	44.628
7.1339999999999995	4	65.08	69.0	-429981997	12.14	0.0	3.5	46000	0.0	7.5	31000	0.525	0.0	0.6	39	0.0	1166699.675	0.0	0	2935	64.05
14.109000000000002	4	65.08	69.0	-429981997	12.14	0.0	3.5	46000	0.0	7.5	31000	0.525	0.0	0.6	39	0.0	1166699.675	0.0	0	2935	66.942
28.293000000000003	4	65.08	69.0	-429981997	12.14	0.0	3.5	46000	0.0	7.5	31000	0.525	0.0	0.6	39	0.0	1166699.675	0.0	0	2935	63.223
45.849	4	65.08	69.0	-429981997	12.14	0.0	3.5	46000	0.0	7.5	31000	0.525	0.0	0.6	39	0.0	1166699.675	0.0	0	2935	66.116
54.11	4	65.08	69.0	-429981997	12.14	0.0	3.5	46000	0.0	7.5	31000	0.525	0.0	0.6	39	0.0	1166699.675	0.0	0	2935	67.355
63.178999999999995	4	65.08	69.0	-429981997	12.14	0.0	3.5	46000	0.0	7.5	31000	0.525	0.0	0.6	39	0.0	1166699.675	0.0	0	2935	81.405
84.641	4	65.08	69.0	-429981997	12.14	0.0	3.5	46000	0.0	7.5	31000	0.525	0.0	0.6	39	0.0	1166699.675	0.0	0	2935	97.934
0.0	4	90.86	76.0	-429981997	12.14	0.0	3.5	61500	0.0	7.5	31000	0.675	0.0	0.6	39	0.0	1166699.675	0.0	0	2935	0.0
0.812	4	90.86	76.0	-429981997	12.14	0.0	3.5	61500	0.0	7.5	31000	0.675	0.0	0.6	39	0.0	1166699.675	0.0	0	2935	14.76
7.064	4	90.86	76.0	-429981997	12.14	0.0	3.5	61500	0.0	7.5	31000	0.675	0.0	0.6	39	0.0	1166699.675	0.0	0	2935	37.333
14.3	4	90.86	76.0	-429981997	12.14	0.0	3.5	61500	0.0	7.5	31000	0.675	0.0	0.6	39	0.0	1166699.675	0.0	0	2935	41.058
28.000999999999998	4	90.86	76.0	-429981997	12.14	0.0	3.5	61500	0.0	7.5	31000	0.675	0.0	0.6	39	0.0	1166699.675	0.0	0	2935	50.555
46.315	4	90.86	76.0	-429981997	12.14	0.0	3.5	61500	0.0	7.5	31000	0.675	0.0	0.6	39	0.0	1166699.675	0.0	0	2935	46.96
54.07899999999999	4	90.86	76.0	-429981997	12.14	0.0	3.5	61500	0.0	7.5	31000	0.675	0.0	0.6	39	0.0	1166699.675	0.0	0	2935	55.606
63.201	4	90.86	76.0	-429981997	12.14	0.0	3.5	61500	0.0	7.5	31000	0.675	0.0	0.6	39	0.0	1166699.675	0.0	0	2935	90.48899999999999
84.355	4	90.86	76.0	-429981997	12.14	0.0	3.5	61500	0.0	7.5	31000	0.675	0.0	0.6	39	0.0	1166699.675	0.0	0	2935	87.729
0.0	4	89.01	81.0	-429981997	12.14	0.0	3.5	61500	0.0	7.5	31000	0.675	0.0	0.6	39	0.0	1166699.675	0.0	0	2935	0.0
0.8109999999999999	4	89.01	81.0	-429981997	12.14	0.0	3.5	61500	0.0	7.5	31000	0.675	0.0	0.6	39	0.0	1166699.675	0.0	0	2935	14.35
7.074	4	89.01	81.0	-429981997	12.14	0.0	3.5	61500	0.0	7.5	31000	0.675	0.0	0.6	39	0.0	1166699.675	0.0	0	2935	41.021
14.044	4	89.01	81.0	-429981997	12.14	0.0	3.5	61500	0.0	7.5	31000	0.675	0.0	0.6	39	0.0	1166699.675	0.0	0	2935	41.876999999999995
28.254	4	89.01	81.0	-429981997	12.14	0.0	3.5	61500	0.0	7.5	31000	0.675	0.0	0.6	39	0.0	1166699.675	0.0	0	2935	48.507
46.318000000000005	4	89.01	81.0	-429981997	12.14	0.0	3.5	61500	0.0	7.5	31000	0.675	0.0	0.6	39	0.0	1166699.675	0.0	0	2935	48.18899999999999
54.333999999999996	4	89.01	81.0	-429981997	12.14	0.0	3.5	61500	0.0	7.5	31000	0.675	0.0	0.6	39	0.0	1166699.675	0.0	0	2935	54.378
63.195	4	89.01	81.0	-429981997	12.14	0.0	3.5	61500	0.0	7.5	31000	0.675	0.0	0.6	39	0.0	1166699.675	0.0	0	2935	88.03
84.348	4	89.01	81.0	-429981997	12.14	0.0	3.5	61500	0.0	7.5	31000	0.675	0.0	0.6	39	0.0	1166699.675	0.0	0	2935	84.86
0.868	1	0.42	70.8	1012936979	10.0	1.0	2.0	46000	0.0	7.4	30000	0.525	0.0	0.3	22	0.0	16318.4	0.0	0	1901	18.394000000000002
3.818	1	0.42	70.8	1012936979	10.0	1.0	2.0	46000	0.0	7.4	30000	0.525	0.0	0.3	22	0.0	16318.4	0.0	0	1901	18.394000000000002
6.941	1	0.42	70.8	1012936979	10.0	1.0	2.0	46000	0.0	7.4	30000	0.525	0.0	0.3	22	0.0	16318.4	0.0	0	1901	22.073
11.8	1	0.42	70.8	1012936979	10.0	1.0	2.0	46000	0.0	7.4	30000	0.525	0.0	0.3	22	0.0	16318.4	0.0	0	1901	25.752
16.833	1	0.42	70.8	1012936979	10.0	1.0	2.0	46000	0.0	7.4	30000	0.525	0.0	0.3	22	0.0	16318.4	0.0	0	1901	33.109
22.733	1	0.42	70.8	1012936979	10.0	1.0	2.0	46000	0.0	7.4	30000	0.525	0.0	0.3	22	0.0	16318.4	0.0	0	1901	36.788000000000004
27.939	1	0.42	70.8	1012936979	10.0	1.0	2.0	46000	0.0	7.4	30000	0.525	0.0	0.3	22	0.0	16318.4	0.0	0	1901	40.467
31.930999999999997	1	0.42	70.8	1012936979	10.0	1.0	2.0	46000	0.0	7.4	30000	0.525	0.0	0.3	22	0.0	16318.4	0.0	0	1901	47.824
36.79	1	0.42	70.8	1012936979	10.0	1.0	2.0	46000	0.0	7.4	30000	0.525	0.0	0.3	22	0.0	16318.4	0.0	0	1901	55.181999999999995
42.863	1	0.42	70.8	1012936979	10.0	1.0	2.0	46000	0.0	7.4	30000	0.525	0.0	0.3	22	0.0	16318.4	0.0	0	1901	58.861000000000004
46.855	1	0.42	70.8	1012936979	10.0	1.0	2.0	46000	0.0	7.4	30000	0.525	0.0	0.3	22	0.0	16318.4	0.0	0	1901	62.538999999999994
50.846000000000004	1	0.42	70.8	1012936979	10.0	1.0	2.0	46000	0.0	7.4	30000	0.525	0.0	0.3	22	0.0	16318.4	0.0	0	1901	66.218
55.879	1	0.42	70.8	1012936979	10.0	1.0	2.0	46000	0.0	7.4	30000	0.525	0.0	0.3	22	0.0	16318.4	0.0	0	1901	66.218
59.87	1	0.42	70.8	1012936979	10.0	1.0	2.0	46000	0.0	7.4	30000	0.525	0.0	0.3	22	0.0	16318.4	0.0	0	1901	66.218
64.902	1	0.42	70.8	1012936979	10.0	1.0	2.0	46000	0.0	7.4	30000	0.525	0.0	0.3	22	0.0	16318.4	0.0	0	1901	66.218
69.935	1	0.42	70.8	1012936979	10.0	1.0	2.0	46000	0.0	7.4	30000	0.525	0.0	0.3	22	0.0	16318.4	0.0	0	1901	66.218
0.0	1	0.45	29.7	1012936979	10.0	1.0	2.0	46000	0.0	7.4	30000	0.525	0.0	0.3	22	0.0	16318.4	0.0	0	1901	0.0
0.34700000000000003	1	0.45	29.7	1012936979	10.0	1.0	2.0	46000	0.0	7.4	30000	0.525	0.0	0.3	22	0.0	16318.4	0.0	0	1901	15.052
1.215	1	0.45	29.7	1012936979	10.0	1.0	2.0	46000	0.0	7.4	30000	0.525	0.0	0.3	22	0.0	16318.4	0.0	0	1901	27.448
3.818	1	0.45	29.7	1012936979	10.0	1.0	2.0	46000	0.0	7.4	30000	0.525	0.0	0.3	22	0.0	16318.4	0.0	0	1901	30.104
6.941	1	0.45	29.7	1012936979	10.0	1.0	2.0	46000	0.0	7.4	30000	0.525	0.0	0.3	22	0.0	16318.4	0.0	0	1901	33.645
11.974	1	0.45	29.7	1012936979	10.0	1.0	2.0	46000	0.0	7.4	30000	0.525	0.0	0.3	22	0.0	16318.4	0.0	0	1901	32.76
16.833	1	0.45	29.7	1012936979	10.0	1.0	2.0	46000	0.0	7.4	30000	0.525	0.0	0.3	22	0.0	16318.4	0.0	0	1901	44.27
22.906999999999996	1	0.45	29.7	1012936979	10.0	1.0	2.0	46000	0.0	7.4	30000	0.525	0.0	0.3	22	0.0	16318.4	0.0	0	1901	57.551
28.113000000000003	1	0.45	29.7	1012936979	10.0	1.0	2.0	46000	0.0	7.4	30000	0.525	0.0	0.3	22	0.0	16318.4	0.0	0	1901	64.634
31.756999999999998	1	0.45	29.7	1012936979	10.0	1.0	2.0	46000	0.0	7.4	30000	0.525	0.0	0.3	22	0.0	16318.4	0.0	0	1901	71.718
36.79	1	0.45	29.7	1012936979	10.0	1.0	2.0	46000	0.0	7.4	30000	0.525	0.0	0.3	22	0.0	16318.4	0.0	0	1901	77.03
43.037	1	0.45	29.7	1012936979	10.0	1.0	2.0	46000	0.0	7.4	30000	0.525	0.0	0.3	22	0.0	16318.4	0.0	0	1901	83.228
47.028	1	0.45	29.7	1012936979	10.0	1.0	2.0	46000	0.0	7.4	30000	0.525	0.0	0.3	22	0.0	16318.4	0.0	0	1901	85.884
51.02	1	0.45	29.7	1012936979	10.0	1.0	2.0	46000	0.0	7.4	30000	0.525	0.0	0.3	22	0.0	16318.4	0.0	0	1901	88.54
56.052	1	0.45	29.7	1012936979	10.0	1.0	2.0	46000	0.0	7.4	30000	0.525	0.0	0.3	22	0.0	16318.4	0.0	0	1901	91.197
59.87	1	0.45	29.7	1012936979	10.0	1.0	2.0	46000	0.0	7.4	30000	0.525	0.0	0.3	22	0.0	16318.4	0.0	0	1901	96.509
64.902	1	0.45	29.7	1012936979	10.0	1.0	2.0	46000	0.0	7.4	30000	0.525	0.0	0.3	22	0.0	16318.4	0.0	0	1901	100.051
69.935	1	0.45	29.7	1012936979	10.0	1.0	2.0	46000	0.0	7.4	30000	0.525	0.0	0.3	22	0.0	16318.4	0.0	0	1901	93.853
0.0	1	0.67	27.3	1012936979	10.0	1.0	2.0	46000	0.0	7.4	30000	0.525	0.0	0.3	22	0.0	16318.4	0.0	0	1901	0.0
0.34700000000000003	1	0.67	27.3	1012936979	10.0	1.0	2.0	46000	0.0	7.4	30000	0.525	0.0	0.3	22	0.0	16318.4	0.0	0	1901	22.046
1.041	1	0.67	27.3	1012936979	10.0	1.0	2.0	46000	0.0	7.4	30000	0.525	0.0	0.3	22	0.0	16318.4	0.0	0	1901	41.216
3.991	1	0.67	27.3	1012936979	10.0	1.0	2.0	46000	0.0	7.4	30000	0.525	0.0	0.3	22	0.0	16318.4	0.0	0	1901	57.031000000000006
6.941	1	0.67	27.3	1012936979	10.0	1.0	2.0	46000	0.0	7.4	30000	0.525	0.0	0.3	22	0.0	16318.4	0.0	0	1901	63.74100000000001
11.974	1	0.67	27.3	1012936979	10.0	1.0	2.0	46000	0.0	7.4	30000	0.525	0.0	0.3	22	0.0	16318.4	0.0	0	1901	68.533
17.007	1	0.67	27.3	1012936979	10.0	1.0	2.0	46000	0.0	7.4	30000	0.525	0.0	0.3	22	0.0	16318.4	0.0	0	1901	77.639
23.08	1	0.67	27.3	1012936979	10.0	1.0	2.0	46000	0.0	7.4	30000	0.525	0.0	0.3	22	0.0	16318.4	0.0	0	1901	80.994
28.113000000000003	1	0.67	27.3	1012936979	10.0	1.0	2.0	46000	0.0	7.4	30000	0.525	0.0	0.3	22	0.0	16318.4	0.0	0	1901	86.745
31.930999999999997	1	0.67	27.3	1012936979	10.0	1.0	2.0	46000	0.0	7.4	30000	0.525	0.0	0.3	22	0.0	16318.4	0.0	0	1901	89.62100000000001
36.963	1	0.67	27.3	1012936979	10.0	1.0	2.0	46000	0.0	7.4	30000	0.525	0.0	0.3	22	0.0	16318.4	0.0	0	1901	92.01700000000001
42.863	1	0.67	27.3	1012936979	10.0	1.0	2.0	46000	0.0	7.4	30000	0.525	0.0	0.3	22	0.0	16318.4	0.0	0	1901	93.455
47.028	1	0.67	27.3	1012936979	10.0	1.0	2.0	46000	0.0	7.4	30000	0.525	0.0	0.3	22	0.0	16318.4	0.0	0	1901	98.24700000000001
50.846000000000004	1	0.67	27.3	1012936979	10.0	1.0	2.0	46000	0.0	7.4	30000	0.525	0.0	0.3	22	0.0	16318.4	0.0	0	1901	100.164
56.052	1	0.67	27.3	1012936979	10.0	1.0	2.0	46000	0.0	7.4	30000	0.525	0.0	0.3	22	0.0	16318.4	0.0	0	1901	100.164
60.043	1	0.67	27.3	1012936979	10.0	1.0	2.0	46000	0.0	7.4	30000	0.525	0.0	0.3	22	0.0	16318.4	0.0	0	1901	100.64399999999999
65.07600000000001	1	0.67	27.3	1012936979	10.0	1.0	2.0	46000	0.0	7.4	30000	0.525	0.0	0.3	22	0.0	16318.4	0.0	0	1901	100.64399999999999
69.935	1	0.67	27.3	1012936979	10.0	1.0	2.0	46000	0.0	7.4	30000	0.525	0.0	0.3	22	0.0	16318.4	0.0	0	1901	100.164
0.0	1	3.44	80.0	1012936979	10.0	1.0	2.0	46000	0.0	7.4	30000	0.525	0.0	0.3	22	0.0	16318.4	0.0	0	1901	0.0
0.983	1	3.44	80.0	1012936979	10.0	1.0	2.0	46000	0.0	7.4	30000	0.525	0.0	0.3	22	0.0	16318.4	0.0	0	1901	18.187
4.914	1	3.44	80.0	1012936979	10.0	1.0	2.0	46000	0.0	7.4	30000	0.525	0.0	0.3	22	0.0	16318.4	0.0	0	1901	16.0
9.042	1	3.44	80.0	1012936979	10.0	1.0	2.0	46000	0.0	7.4	30000	0.525	0.0	0.3	22	0.0	16318.4	0.0	0	1901	23.340999999999998
13.956	1	3.44	80.0	1012936979	10.0	1.0	2.0	46000	0.0	7.4	30000	0.525	0.0	0.3	22	0.0	16318.4	0.0	0	1901	27.213
18.87	1	3.44	80.0	1012936979	10.0	1.0	2.0	46000	0.0	7.4	30000	0.525	0.0	0.3	22	0.0	16318.4	0.0	0	1901	26.753
25.945999999999998	1	3.44	80.0	1012936979	10.0	1.0	2.0	46000	0.0	7.4	30000	0.525	0.0	0.3	22	0.0	16318.4	0.0	0	1901	47.507
32.826	1	3.44	80.0	1012936979	10.0	1.0	2.0	46000	0.0	7.4	30000	0.525	0.0	0.3	22	0.0	16318.4	0.0	0	1901	60.898
40.098	1	3.44	80.0	1012936979	10.0	1.0	2.0	46000	0.0	7.4	30000	0.525	0.0	0.3	22	0.0	16318.4	0.0	0	1901	63.458
45.012	1	3.44	80.0	1012936979	10.0	1.0	2.0	46000	0.0	7.4	30000	0.525	0.0	0.3	22	0.0	16318.4	0.0	0	1901	63.864
49.926	1	3.44	80.0	1012936979	10.0	1.0	2.0	46000	0.0	7.4	30000	0.525	0.0	0.3	22	0.0	16318.4	0.0	0	1901	63.838
59.951	1	3.44	80.0	1012936979	10.0	1.0	2.0	46000	0.0	7.4	30000	0.525	0.0	0.3	22	0.0	16318.4	0.0	0	1901	62.917
70.172	1	3.44	80.0	1012936979	10.0	1.0	2.0	46000	0.0	7.4	30000	0.525	0.0	0.3	22	0.0	16318.4	0.0	0	1901	63.295
0.0	1	0.74	51.5	-239907213	10.0	1.0	2.0	46000	0.0	7.4	30000	0.525	0.0	0.3	41	0.0	4215634.48	0.0	0	2926	0.0
4.89	1	0.74	51.5	-239907213	10.0	1.0	2.0	46000	0.0	7.4	30000	0.525	0.0	0.3	41	0.0	4215634.48	0.0	0	2926	2.972
9.779	1	0.74	51.5	-239907213	10.0	1.0	2.0	46000	0.0	7.4	30000	0.525	0.0	0.3	41	0.0	4215634.48	0.0	0	2926	4.437
14.809000000000001	1	0.74	51.5	-239907213	10.0	1.0	2.0	46000	0.0	7.4	30000	0.525	0.0	0.3	41	0.0	4215634.48	0.0	0	2926	11.424000000000001
19.988	1	0.74	51.5	-239907213	10.0	1.0	2.0	46000	0.0	7.4	30000	0.525	0.0	0.3	41	0.0	4215634.48	0.0	0	2926	29.456
25.023000000000003	1	0.74	51.5	-239907213	10.0	1.0	2.0	46000	0.0	7.4	30000	0.525	0.0	0.3	41	0.0	4215634.48	0.0	0	2926	39.958
30.061999999999998	1	0.74	51.5	-239907213	10.0	1.0	2.0	46000	0.0	7.4	30000	0.525	0.0	0.3	41	0.0	4215634.48	0.0	0	2926	54.979
34.836	1	0.74	51.5	-239907213	10.0	1.0	2.0	46000	0.0	7.4	30000	0.525	0.0	0.3	41	0.0	4215634.48	0.0	0	2926	75.02199999999999
40.006	1	0.74	51.5	-239907213	10.0	1.0	2.0	46000	0.0	7.4	30000	0.525	0.0	0.3	41	0.0	4215634.48	0.0	0	2926	85.021
45.038999999999994	1	0.74	51.5	-239907213	10.0	1.0	2.0	46000	0.0	7.4	30000	0.525	0.0	0.3	41	0.0	4215634.48	0.0	0	2926	94.51899999999999
0.336	1	1.22	75.05	1946040	5.0	0.0	4.0	31000	0.0	7.4	50000	0.38	0.0	8.0	0	0.0	4900.58	0.0	0	78	35.119
1.0759999999999998	1	1.22	75.05	1946040	5.0	0.0	4.0	31000	0.0	7.4	50000	0.38	0.0	8.0	0	0.0	4900.58	0.0	0	78	37.139
3.778	1	1.22	75.05	1946040	5.0	0.0	4.0	31000	0.0	7.4	50000	0.38	0.0	8.0	0	0.0	4900.58	0.0	0	78	39.406
11.38	1	1.22	75.05	1946040	5.0	0.0	4.0	31000	0.0	7.4	50000	0.38	0.0	8.0	0	0.0	4900.58	0.0	0	78	40.903
21.435	1	1.22	75.05	1946040	5.0	0.0	4.0	31000	0.0	7.4	50000	0.38	0.0	8.0	0	0.0	4900.58	0.0	0	78	43.151
28.305	1	1.22	75.05	1946040	5.0	0.0	4.0	31000	0.0	7.4	50000	0.38	0.0	8.0	0	0.0	4900.58	0.0	0	78	46.166000000000004
35.178000000000004	1	1.22	75.05	1946040	5.0	0.0	4.0	31000	0.0	7.4	50000	0.38	0.0	8.0	0	0.0	4900.58	0.0	0	78	49.938
42.056000000000004	1	1.22	75.05	1946040	5.0	0.0	4.0	31000	0.0	7.4	50000	0.38	0.0	8.0	0	0.0	4900.58	0.0	0	78	55.732
49.18600000000001	1	1.22	75.05	1946040	5.0	0.0	4.0	31000	0.0	7.4	50000	0.38	0.0	8.0	0	0.0	4900.58	0.0	0	78	64.557
55.825	1	1.22	75.05	1946040	5.0	0.0	4.0	31000	0.0	7.4	50000	0.38	0.0	8.0	0	0.0	4900.58	0.0	0	78	72.626
70.307	1	1.22	75.05	1946040	5.0	0.0	4.0	31000	0.0	7.4	50000	0.38	0.0	8.0	0	0.0	4900.58	0.0	0	78	80.92699999999999
77.42	1	1.22	75.05	1946040	5.0	0.0	4.0	31000	0.0	7.4	50000	0.38	0.0	8.0	0	0.0	4900.58	0.0	0	78	83.18299999999999
0.0	1	100.0	98.4	-550519458	40.0	0.0	2.5	12000	0.03	7.4	18000	0.2	50.0	1.0	7	23.5	28921.96	23.5	0	993	0.0
1.1059999999999999	1	100.0	98.4	-550519458	40.0	0.0	2.5	12000	0.03	7.4	18000	0.2	50.0	1.0	7	23.5	28921.96	23.5	0	993	10.735999999999999
3.963	1	100.0	98.4	-550519458	40.0	0.0	2.5	12000	0.03	7.4	18000	0.2	50.0	1.0	7	23.5	28921.96	23.5	0	993	12.872
7.005	1	100.0	98.4	-550519458	40.0	0.0	2.5	12000	0.03	7.4	18000	0.2	50.0	1.0	7	23.5	28921.96	23.5	0	993	14.828
9.954	1	100.0	98.4	-550519458	40.0	0.0	2.5	12000	0.03	7.4	18000	0.2	50.0	1.0	7	23.5	28921.96	23.5	0	993	16.426
13.917	1	100.0	98.4	-550519458	40.0	0.0	2.5	12000	0.03	7.4	18000	0.2	50.0	1.0	7	23.5	28921.96	23.5	0	993	17.84
17.972	1	100.0	98.4	-550519458	40.0	0.0	2.5	12000	0.03	7.4	18000	0.2	50.0	1.0	7	23.5	28921.96	23.5	0	993	19.433
21.935	1	100.0	98.4	-550519458	40.0	0.0	2.5	12000	0.03	7.4	18000	0.2	50.0	1.0	7	23.5	28921.96	23.5	0	993	21.206
26.912	1	100.0	98.4	-550519458	40.0	0.0	2.5	12000	0.03	7.4	18000	0.2	50.0	1.0	7	23.5	28921.96	23.5	0	993	22.974
32.995	1	100.0	98.4	-550519458	40.0	0.0	2.5	12000	0.03	7.4	18000	0.2	50.0	1.0	7	23.5	28921.96	23.5	0	993	26.885
0.0	2	20.0	76.7	-550519458	32.0	0.0	2.5	12000	0.03	7.4	18000	0.2	40.0	1.0	7	23.5	28921.96	23.5	0	993	0.0
0.092	2	20.0	76.7	-550519458	32.0	0.0	2.5	12000	0.03	7.4	18000	0.2	40.0	1.0	7	23.5	28921.96	23.5	0	993	12.530999999999999
1.014	2	20.0	76.7	-550519458	32.0	0.0	2.5	12000	0.03	7.4	18000	0.2	40.0	1.0	7	23.5	28921.96	23.5	0	993	27.923000000000002
3.963	2	20.0	76.7	-550519458	32.0	0.0	2.5	12000	0.03	7.4	18000	0.2	40.0	1.0	7	23.5	28921.96	23.5	0	993	34.713
6.912000000000001	2	20.0	76.7	-550519458	32.0	0.0	2.5	12000	0.03	7.4	18000	0.2	40.0	1.0	7	23.5	28921.96	23.5	0	993	40.966
9.862	2	20.0	76.7	-550519458	32.0	0.0	2.5	12000	0.03	7.4	18000	0.2	40.0	1.0	7	23.5	28921.96	23.5	0	993	45.608000000000004
14.009	2	20.0	76.7	-550519458	32.0	0.0	2.5	12000	0.03	7.4	18000	0.2	40.0	1.0	7	23.5	28921.96	23.5	0	993	49.528
17.88	2	20.0	76.7	-550519458	32.0	0.0	2.5	12000	0.03	7.4	18000	0.2	40.0	1.0	7	23.5	28921.96	23.5	0	993	53.27
21.843000000000004	2	20.0	76.7	-550519458	32.0	0.0	2.5	12000	0.03	7.4	18000	0.2	40.0	1.0	7	23.5	28921.96	23.5	0	993	56.475
25.805999999999997	2	20.0	76.7	-550519458	32.0	0.0	2.5	12000	0.03	7.4	18000	0.2	40.0	1.0	7	23.5	28921.96	23.5	0	993	59.141999999999996
29.954	2	20.0	76.7	-550519458	32.0	0.0	2.5	12000	0.03	7.4	18000	0.2	40.0	1.0	7	23.5	28921.96	23.5	0	993	61.451
34.931	2	20.0	76.7	-550519458	32.0	0.0	2.5	12000	0.03	7.4	18000	0.2	40.0	1.0	7	23.5	28921.96	23.5	0	993	64.293
39.908	2	20.0	76.7	-550519458	32.0	0.0	2.5	12000	0.03	7.4	18000	0.2	40.0	1.0	7	23.5	28921.96	23.5	0	993	66.419
0.0	3	5.0	99.4	63697313	2.0	0.0	1.0	10000	0.0	8.2	0	0.18	0.0	0.0	6	0.0	1129.56	0.0	2	257	0.0
0.9059999999999999	3	5.0	99.4	63697313	2.0	0.0	1.0	10000	0.0	8.2	0	0.18	0.0	0.0	6	0.0	1129.56	0.0	2	257	6.986000000000001
1.8030000000000002	3	5.0	99.4	63697313	2.0	0.0	1.0	10000	0.0	8.2	0	0.18	0.0	0.0	6	0.0	1129.56	0.0	2	257	8.219
3.96	3	5.0	99.4	63697313	2.0	0.0	1.0	10000	0.0	8.2	0	0.18	0.0	0.0	6	0.0	1129.56	0.0	2	257	14.384
7.92	3	5.0	99.4	63697313	2.0	0.0	1.0	10000	0.0	8.2	0	0.18	0.0	0.0	6	0.0	1129.56	0.0	2	257	28.355999999999998
10.077	3	5.0	99.4	63697313	2.0	0.0	1.0	10000	0.0	8.2	0	0.18	0.0	0.0	6	0.0	1129.56	0.0	2	257	34.521
14.02	3	5.0	99.4	63697313	2.0	0.0	1.0	10000	0.0	8.2	0	0.18	0.0	0.0	6	0.0	1129.56	0.0	2	257	37.397
17.975	3	5.0	99.4	63697313	2.0	0.0	1.0	10000	0.0	8.2	0	0.18	0.0	0.0	6	0.0	1129.56	0.0	2	257	48.082
22.458000000000002	3	5.0	99.4	63697313	2.0	0.0	1.0	10000	0.0	8.2	0	0.18	0.0	0.0	6	0.0	1129.56	0.0	2	257	53.013999999999996
26.230999999999998	3	5.0	99.4	63697313	2.0	0.0	1.0	10000	0.0	8.2	0	0.18	0.0	0.0	6	0.0	1129.56	0.0	2	257	62.466
29.819000000000003	3	5.0	99.4	63697313	2.0	0.0	1.0	10000	0.0	8.2	0	0.18	0.0	0.0	6	0.0	1129.56	0.0	2	257	67.39699999999999
34.123000000000005	3	5.0	99.4	63697313	2.0	0.0	1.0	10000	0.0	8.2	0	0.18	0.0	0.0	6	0.0	1129.56	0.0	2	257	71.918
38.251999999999995	3	5.0	99.4	63697313	2.0	0.0	1.0	10000	0.0	8.2	0	0.18	0.0	0.0	6	0.0	1129.56	0.0	2	257	79.726
42.20399999999999	3	5.0	99.4	63697313	2.0	0.0	1.0	10000	0.0	8.2	0	0.18	0.0	0.0	6	0.0	1129.56	0.0	2	257	88.76700000000001
45.968999999999994	3	5.0	99.4	63697313	2.0	0.0	1.0	10000	0.0	8.2	0	0.18	0.0	0.0	6	0.0	1129.56	0.0	2	257	92.46600000000001
49.911	3	5.0	99.4	63697313	2.0	0.0	1.0	10000	0.0	8.2	0	0.18	0.0	0.0	6	0.0	1129.56	0.0	2	257	94.521
58.153999999999996	3	5.0	99.4	63697313	2.0	0.0	1.0	10000	0.0	8.2	0	0.18	0.0	0.0	6	0.0	1129.56	0.0	2	257	99.863
0.0	2	63.0	85.3	899761443	18.0	0.0	2.5	23000	0.05	7.4	40500	0.25	0.0	2.0	5	0.0	29156.8	0.0	0	821	0.0
0.862	2	63.0	85.3	899761443	18.0	0.0	2.5	23000	0.05	7.4	40500	0.25	0.0	2.0	5	0.0	29156.8	0.0	0	821	17.230999999999998
3.017	2	63.0	85.3	899761443	18.0	0.0	2.5	23000	0.05	7.4	40500	0.25	0.0	2.0	5	0.0	29156.8	0.0	0	821	32.0
4.848	2	63.0	85.3	899761443	18.0	0.0	2.5	23000	0.05	7.4	40500	0.25	0.0	2.0	5	0.0	29156.8	0.0	0	821	43.077
7.002999999999999	2	63.0	85.3	899761443	18.0	0.0	2.5	23000	0.05	7.4	40500	0.25	0.0	2.0	5	0.0	29156.8	0.0	0	821	45.538000000000004
8.943	2	63.0	85.3	899761443	18.0	0.0	2.5	23000	0.05	7.4	40500	0.25	0.0	2.0	5	0.0	29156.8	0.0	0	821	53.538000000000004
10.882	2	63.0	85.3	899761443	18.0	0.0	2.5	23000	0.05	7.4	40500	0.25	0.0	2.0	5	0.0	29156.8	0.0	0	821	56.615
13.037	2	63.0	85.3	899761443	18.0	0.0	2.5	23000	0.05	7.4	40500	0.25	0.0	2.0	5	0.0	29156.8	0.0	0	821	59.692
15.192	2	63.0	85.3	899761443	18.0	0.0	2.5	23000	0.05	7.4	40500	0.25	0.0	2.0	5	0.0	29156.8	0.0	0	821	65.846
16.916	2	63.0	85.3	899761443	18.0	0.0	2.5	23000	0.05	7.4	40500	0.25	0.0	2.0	5	0.0	29156.8	0.0	0	821	69.538
18.963	2	63.0	85.3	899761443	18.0	0.0	2.5	23000	0.05	7.4	40500	0.25	0.0	2.0	5	0.0	29156.8	0.0	0	821	73.846
21.01	2	63.0	85.3	899761443	18.0	0.0	2.5	23000	0.05	7.4	40500	0.25	0.0	2.0	5	0.0	29156.8	0.0	0	821	79.385
22.949	2	63.0	85.3	899761443	18.0	0.0	2.5	23000	0.05	7.4	40500	0.25	0.0	2.0	5	0.0	29156.8	0.0	0	821	81.846
24.997	2	63.0	85.3	899761443	18.0	0.0	2.5	23000	0.05	7.4	40500	0.25	0.0	2.0	5	0.0	29156.8	0.0	0	821	83.69200000000001
26.936	2	63.0	85.3	899761443	18.0	0.0	2.5	23000	0.05	7.4	40500	0.25	0.0	2.0	5	0.0	29156.8	0.0	0	821	84.92299999999999
29.090999999999998	2	63.0	85.3	899761443	18.0	0.0	2.5	23000	0.05	7.4	40500	0.25	0.0	2.0	5	0.0	29156.8	0.0	0	821	86.76899999999999
31.03	2	63.0	85.3	899761443	18.0	0.0	2.5	23000	0.05	7.4	40500	0.25	0.0	2.0	5	0.0	29156.8	0.0	0	821	88.0
0.21100000000000002	1	200.0	40.3	-593140135	10.0	0.0	0.5	34000	0.0	7.4	50000	0.38	0.0	1.0	15	0.0	76820.65	0.0	0	1390	2.294
0.915	1	200.0	40.3	-593140135	10.0	0.0	0.5	34000	0.0	7.4	50000	0.38	0.0	1.0	15	0.0	76820.65	0.0	0	1390	5.046
2.113	1	200.0	40.3	-593140135	10.0	0.0	0.5	34000	0.0	7.4	50000	0.38	0.0	1.0	15	0.0	76820.65	0.0	0	1390	10.55
7.042000000000001	1	200.0	40.3	-593140135	10.0	0.0	0.5	34000	0.0	7.4	50000	0.38	0.0	1.0	15	0.0	76820.65	0.0	0	1390	11.009
14.085	1	200.0	40.3	-593140135	10.0	0.0	0.5	34000	0.0	7.4	50000	0.38	0.0	1.0	15	0.0	76820.65	0.0	0	1390	12.844000000000001
21.127	1	200.0	40.3	-593140135	10.0	0.0	0.5	34000	0.0	7.4	50000	0.38	0.0	1.0	15	0.0	76820.65	0.0	0	1390	17.430999999999997
0.21100000000000002	1	226.0	21.4	-593140135	10.0	0.0	0.5	34000	0.0	7.4	50000	0.38	0.0	1.0	15	0.0	76820.65	0.0	0	1390	10.092
0.986	1	226.0	21.4	-593140135	10.0	0.0	0.5	34000	0.0	7.4	50000	0.38	0.0	1.0	15	0.0	76820.65	0.0	0	1390	15.138
2.042	1	226.0	21.4	-593140135	10.0	0.0	0.5	34000	0.0	7.4	50000	0.38	0.0	1.0	15	0.0	76820.65	0.0	0	1390	20.183
6.972	1	226.0	21.4	-593140135	10.0	0.0	0.5	34000	0.0	7.4	50000	0.38	0.0	1.0	15	0.0	76820.65	0.0	0	1390	29.358
14.085	1	226.0	21.4	-593140135	10.0	0.0	0.5	34000	0.0	7.4	50000	0.38	0.0	1.0	15	0.0	76820.65	0.0	0	1390	46.788999999999994
0.282	1	196.0	15.2	-593140135	10.0	0.0	0.5	12000	0.0	7.4	50000	0.2	0.0	1.0	15	0.0	76820.65	0.0	0	1390	16.055
0.35200000000000004	1	196.0	15.2	-593140135	10.0	0.0	0.5	12000	0.0	7.4	50000	0.2	0.0	1.0	15	0.0	76820.65	0.0	0	1390	34.861999999999995
1.127	1	196.0	15.2	-593140135	10.0	0.0	0.5	12000	0.0	7.4	50000	0.2	0.0	1.0	15	0.0	76820.65	0.0	0	1390	38.532
2.042	1	196.0	15.2	-593140135	10.0	0.0	0.5	12000	0.0	7.4	50000	0.2	0.0	1.0	15	0.0	76820.65	0.0	0	1390	56.881
7.042000000000001	1	196.0	15.2	-593140135	10.0	0.0	0.5	12000	0.0	7.4	50000	0.2	0.0	1.0	15	0.0	76820.65	0.0	0	1390	66.055
14.155	1	196.0	15.2	-593140135	10.0	0.0	0.5	12000	0.0	7.4	50000	0.2	0.0	1.0	15	0.0	76820.65	0.0	0	1390	82.569
0.0	1	0.4	62.6	61404185	2.0	0.0	5.0	20000	0.0	7.0	50000	0.20800000000000002	0.0	1.0	6	0.0	1005.12	0.0	2	254	0.0
3.5389999999999997	1	0.4	62.6	61404185	2.0	0.0	5.0	20000	0.0	7.0	50000	0.20800000000000002	0.0	1.0	6	0.0	1005.12	0.0	2	254	85.086
15.265999999999998	1	0.4	62.6	61404185	2.0	0.0	5.0	20000	0.0	7.0	50000	0.20800000000000002	0.0	1.0	6	0.0	1005.12	0.0	2	254	91.323
45.416000000000004	1	0.4	62.6	61404185	2.0	0.0	5.0	20000	0.0	7.0	50000	0.20800000000000002	0.0	1.0	6	0.0	1005.12	0.0	2	254	93.969
105.412	1	0.4	62.6	61404185	2.0	0.0	5.0	20000	0.0	7.0	50000	0.20800000000000002	0.0	1.0	6	0.0	1005.12	0.0	2	254	95.34200000000001
0.051	1	26.2	59.0	61404185	20.0	0.0	2.5	40500	0.07	7.4	205000	0.53	40.0	0.5	6	-4.63	1005.12	-4.63	2	254	28.511
0.256	1	26.2	59.0	61404185	20.0	0.0	2.5	40500	0.07	7.4	205000	0.53	40.0	0.5	6	-4.63	1005.12	-4.63	2	254	45.106
1.0	1	26.2	59.0	61404185	20.0	0.0	2.5	40500	0.07	7.4	205000	0.53	40.0	0.5	6	-4.63	1005.12	-4.63	2	254	78.298
3.9739999999999998	1	26.2	59.0	61404185	20.0	0.0	2.5	40500	0.07	7.4	205000	0.53	40.0	0.5	6	-4.63	1005.12	-4.63	2	254	89.787
6.974	1	26.2	59.0	61404185	20.0	0.0	2.5	40500	0.07	7.4	205000	0.53	40.0	0.5	6	-4.63	1005.12	-4.63	2	254	85.95700000000001
0.0	1	26.2	59.0	61404185	20.0	0.0	2.5	40500	0.02	7.2	205000	0.53	40.0	0.5	6	-4.63	1005.12	-4.63	2	254	0.0
0.9740000000000001	1	26.2	59.0	61404185	20.0	0.0	2.5	40500	0.02	7.2	205000	0.53	40.0	0.5	6	-4.63	1005.12	-4.63	2	254	63.403999999999996
3.9739999999999998	1	26.2	59.0	61404185	20.0	0.0	2.5	40500	0.02	7.2	205000	0.53	40.0	0.5	6	-4.63	1005.12	-4.63	2	254	78.723
6.949	1	26.2	59.0	61404185	20.0	0.0	2.5	40500	0.02	7.2	205000	0.53	40.0	0.5	6	-4.63	1005.12	-4.63	2	254	75.745
0.0	1	64.0	39.0	61404185	8.0	1.25	5.0	16000	0.0	7.4	38000	0.2	0.0	0.0	6	0.0	1005.12	0.0	2	254	0.0
1.097	1	64.0	39.0	61404185	8.0	1.25	5.0	16000	0.0	7.4	38000	0.2	0.0	0.0	6	0.0	1005.12	0.0	2	254	18.174
2.1180000000000003	1	64.0	39.0	61404185	8.0	1.25	5.0	16000	0.0	7.4	38000	0.2	0.0	0.0	6	0.0	1005.12	0.0	2	254	28.926
4.14	1	64.0	39.0	61404185	8.0	1.25	5.0	16000	0.0	7.4	38000	0.2	0.0	0.0	6	0.0	1005.12	0.0	2	254	32.098
6.024	1	64.0	39.0	61404185	8.0	1.25	5.0	16000	0.0	7.4	38000	0.2	0.0	0.0	6	0.0	1005.12	0.0	2	254	33.149
7.975	1	64.0	39.0	61404185	8.0	1.25	5.0	16000	0.0	7.4	38000	0.2	0.0	0.0	6	0.0	1005.12	0.0	2	254	33.442
10.062000000000001	1	64.0	39.0	61404185	8.0	1.25	5.0	16000	0.0	7.4	38000	0.2	0.0	0.0	6	0.0	1005.12	0.0	2	254	34.492
13.963	1	64.0	39.0	61404185	8.0	1.25	5.0	16000	0.0	7.4	38000	0.2	0.0	0.0	6	0.0	1005.12	0.0	2	254	34.927
17.936	1	64.0	39.0	61404185	8.0	1.25	5.0	16000	0.0	7.4	38000	0.2	0.0	0.0	6	0.0	1005.12	0.0	2	254	38.695
21.976999999999997	1	64.0	39.0	61404185	8.0	1.25	5.0	16000	0.0	7.4	38000	0.2	0.0	0.0	6	0.0	1005.12	0.0	2	254	42.917
25.951	1	64.0	39.0	61404185	8.0	1.25	5.0	16000	0.0	7.4	38000	0.2	0.0	0.0	6	0.0	1005.12	0.0	2	254	47.745
29.994	1	64.0	39.0	61404185	8.0	1.25	5.0	16000	0.0	7.4	38000	0.2	0.0	0.0	6	0.0	1005.12	0.0	2	254	53.937
0.0	1	0.429	92.2	140759740	0.833	0.0	3.0	96000	0.0	7.4	93500	0.855	1.0	2.0	10	-4.63	21044.93	-4.63	0	1904	0.0
1.167	1	0.429	92.2	140759740	0.833	0.0	3.0	96000	0.0	7.4	93500	0.855	1.0	2.0	10	-4.63	21044.93	-4.63	0	1904	30.82
2.3609999999999998	1	0.429	92.2	140759740	0.833	0.0	3.0	96000	0.0	7.4	93500	0.855	1.0	2.0	10	-4.63	21044.93	-4.63	0	1904	31.803
3.556	1	0.429	92.2	140759740	0.833	0.0	3.0	96000	0.0	7.4	93500	0.855	1.0	2.0	10	-4.63	21044.93	-4.63	0	1904	33.115
4.7219999999999995	1	0.429	92.2	140759740	0.833	0.0	3.0	96000	0.0	7.4	93500	0.855	1.0	2.0	10	-4.63	21044.93	-4.63	0	1904	38.689
5.888999999999999	1	0.429	92.2	140759740	0.833	0.0	3.0	96000	0.0	7.4	93500	0.855	1.0	2.0	10	-4.63	21044.93	-4.63	0	1904	39.672
7.056	1	0.429	92.2	140759740	0.833	0.0	3.0	96000	0.0	7.4	93500	0.855	1.0	2.0	10	-4.63	21044.93	-4.63	0	1904	42.295
8.25	1	0.429	92.2	140759740	0.833	0.0	3.0	96000	0.0	7.4	93500	0.855	1.0	2.0	10	-4.63	21044.93	-4.63	0	1904	43.607
9.417	1	0.429	92.2	140759740	0.833	0.0	3.0	96000	0.0	7.4	93500	0.855	1.0	2.0	10	-4.63	21044.93	-4.63	0	1904	43.934
0.0	3	0.336	88.0	140759740	0.833	0.0	3.0	61500	0.0	7.4	0	0.675	6.25	0.0	10	0.0	21044.93	0.0	0	1904	0.0
1.194	3	0.336	88.0	140759740	0.833	0.0	3.0	61500	0.0	7.4	0	0.675	6.25	0.0	10	0.0	21044.93	0.0	0	1904	21.639
2.3890000000000002	3	0.336	88.0	140759740	0.833	0.0	3.0	61500	0.0	7.4	0	0.675	6.25	0.0	10	0.0	21044.93	0.0	0	1904	25.901999999999997
3.528	3	0.336	88.0	140759740	0.833	0.0	3.0	61500	0.0	7.4	0	0.675	6.25	0.0	10	0.0	21044.93	0.0	0	1904	29.18
4.7219999999999995	3	0.336	88.0	140759740	0.833	0.0	3.0	61500	0.0	7.4	0	0.675	6.25	0.0	10	0.0	21044.93	0.0	0	1904	35.082
5.917000000000001	3	0.336	88.0	140759740	0.833	0.0	3.0	61500	0.0	7.4	0	0.675	6.25	0.0	10	0.0	21044.93	0.0	0	1904	41.638999999999996
7.082999999999999	3	0.336	88.0	140759740	0.833	0.0	3.0	61500	0.0	7.4	0	0.675	6.25	0.0	10	0.0	21044.93	0.0	0	1904	49.18
8.25	3	0.336	88.0	140759740	0.833	0.0	3.0	61500	0.0	7.4	0	0.675	6.25	0.0	10	0.0	21044.93	0.0	0	1904	50.163999999999994
9.443999999999999	3	0.336	88.0	140759740	0.833	0.0	3.0	61500	0.0	7.4	0	0.675	6.25	0.0	10	0.0	21044.93	0.0	0	1904	51.475
0.87	2	2.7	11.0	384968407	18.0	0.0	2.0	60000	0.0	5.0	18000	0.675	0.45	10.0	12	-4.63	1146624.065	-4.63	0	1127	23.391
2.029	2	2.7	11.0	384968407	18.0	0.0	2.0	60000	0.0	5.0	18000	0.675	0.45	10.0	12	-4.63	1146624.065	-4.63	0	1127	28.997
3.9130000000000003	2	2.7	11.0	384968407	18.0	0.0	2.0	60000	0.0	5.0	18000	0.675	0.45	10.0	12	-4.63	1146624.065	-4.63	0	1127	33.979
5.797000000000001	2	2.7	11.0	384968407	18.0	0.0	2.0	60000	0.0	5.0	18000	0.675	0.45	10.0	12	-4.63	1146624.065	-4.63	0	1127	34.291
7.971	2	2.7	11.0	384968407	18.0	0.0	2.0	60000	0.0	5.0	18000	0.675	0.45	10.0	12	-4.63	1146624.065	-4.63	0	1127	35.225
10.0	2	2.7	11.0	384968407	18.0	0.0	2.0	60000	0.0	5.0	18000	0.675	0.45	10.0	12	-4.63	1146624.065	-4.63	0	1127	35.848
11.884	2	2.7	11.0	384968407	18.0	0.0	2.0	60000	0.0	5.0	18000	0.675	0.45	10.0	12	-4.63	1146624.065	-4.63	0	1127	36.782
13.913	2	2.7	11.0	384968407	18.0	0.0	2.0	60000	0.0	5.0	18000	0.675	0.45	10.0	12	-4.63	1146624.065	-4.63	0	1127	38.028
15.942	2	2.7	11.0	384968407	18.0	0.0	2.0	60000	0.0	5.0	18000	0.675	0.45	10.0	12	-4.63	1146624.065	-4.63	0	1127	43.945
17.971	2	2.7	11.0	384968407	18.0	0.0	2.0	60000	0.0	5.0	18000	0.675	0.45	10.0	12	-4.63	1146624.065	-4.63	0	1127	47.37
19.855	2	2.7	11.0	384968407	18.0	0.0	2.0	60000	0.0	5.0	18000	0.675	0.45	10.0	12	-4.63	1146624.065	-4.63	0	1127	47.993
21.884	2	2.7	11.0	384968407	18.0	0.0	2.0	60000	0.0	5.0	18000	0.675	0.45	10.0	12	-4.63	1146624.065	-4.63	0	1127	50.173
23.913	2	2.7	11.0	384968407	18.0	0.0	2.0	60000	0.0	5.0	18000	0.675	0.45	10.0	12	-4.63	1146624.065	-4.63	0	1127	54.843999999999994
25.796999999999997	2	2.7	11.0	384968407	18.0	0.0	2.0	60000	0.0	5.0	18000	0.675	0.45	10.0	12	-4.63	1146624.065	-4.63	0	1127	63.875
27.826	2	2.7	11.0	384968407	18.0	0.0	2.0	60000	0.0	5.0	18000	0.675	0.45	10.0	12	-4.63	1146624.065	-4.63	0	1127	66.99
29.855	2	2.7	11.0	384968407	18.0	0.0	2.0	60000	0.0	5.0	18000	0.675	0.45	10.0	12	-4.63	1146624.065	-4.63	0	1127	70.104
31.884	2	2.7	11.0	384968407	18.0	0.0	2.0	60000	0.0	5.0	18000	0.675	0.45	10.0	12	-4.63	1146624.065	-4.63	0	1127	73.529
33.768	2	2.7	11.0	384968407	18.0	0.0	2.0	60000	0.0	5.0	18000	0.675	0.45	10.0	12	-4.63	1146624.065	-4.63	0	1127	74.152
35.942	2	2.7	11.0	384968407	18.0	0.0	2.0	60000	0.0	5.0	18000	0.675	0.45	10.0	12	-4.63	1146624.065	-4.63	0	1127	74.464
37.971	2	2.7	11.0	384968407	18.0	0.0	2.0	60000	0.0	5.0	18000	0.675	0.45	10.0	12	-4.63	1146624.065	-4.63	0	1127	75.398
39.855	2	2.7	11.0	384968407	18.0	0.0	2.0	60000	0.0	5.0	18000	0.675	0.45	10.0	12	-4.63	1146624.065	-4.63	0	1127	76.021
41.88399999999999	2	2.7	11.0	384968407	18.0	0.0	2.0	60000	0.0	5.0	18000	0.675	0.45	10.0	12	-4.63	1146624.065	-4.63	0	1127	76.955
43.913000000000004	2	2.7	11.0	384968407	18.0	0.0	2.0	60000	0.0	5.0	18000	0.675	0.45	10.0	12	-4.63	1146624.065	-4.63	0	1127	78.20100000000001
46.957	2	2.7	11.0	384968407	18.0	0.0	2.0	60000	0.0	5.0	18000	0.675	0.45	10.0	12	-4.63	1146624.065	-4.63	0	1127	78.20100000000001
48.841	2	2.7	11.0	384968407	18.0	0.0	2.0	60000	0.0	5.0	18000	0.675	0.45	10.0	12	-4.63	1146624.065	-4.63	0	1127	78.512
50.87	2	2.7	11.0	384968407	18.0	0.0	2.0	60000	0.0	5.0	18000	0.675	0.45	10.0	12	-4.63	1146624.065	-4.63	0	1127	78.824
53.913000000000004	2	2.7	11.0	384968407	18.0	0.0	2.0	60000	0.0	5.0	18000	0.675	0.45	10.0	12	-4.63	1146624.065	-4.63	0	1127	79.135
55.942	2	2.7	11.0	384968407	18.0	0.0	2.0	60000	0.0	5.0	18000	0.675	0.45	10.0	12	-4.63	1146624.065	-4.63	0	1127	79.135
57.826	2	2.7	11.0	384968407	18.0	0.0	2.0	60000	0.0	5.0	18000	0.675	0.45	10.0	12	-4.63	1146624.065	-4.63	0	1127	79.135
0.87	2	4.3	26.0	384968407	18.0	0.0	2.0	60000	0.0	5.0	18000	0.675	2.25	10.0	12	-4.63	1146624.065	-4.63	0	1127	29.308000000000003
2.029	2	4.3	26.0	384968407	18.0	0.0	2.0	60000	0.0	5.0	18000	0.675	2.25	10.0	12	-4.63	1146624.065	-4.63	0	1127	32.422
3.9130000000000003	2	4.3	26.0	384968407	18.0	0.0	2.0	60000	0.0	5.0	18000	0.675	2.25	10.0	12	-4.63	1146624.065	-4.63	0	1127	33.045
5.942	2	4.3	26.0	384968407	18.0	0.0	2.0	60000	0.0	5.0	18000	0.675	2.25	10.0	12	-4.63	1146624.065	-4.63	0	1127	33.668
7.971	2	4.3	26.0	384968407	18.0	0.0	2.0	60000	0.0	5.0	18000	0.675	2.25	10.0	12	-4.63	1146624.065	-4.63	0	1127	37.093
9.855	2	4.3	26.0	384968407	18.0	0.0	2.0	60000	0.0	5.0	18000	0.675	2.25	10.0	12	-4.63	1146624.065	-4.63	0	1127	37.093
12.029000000000002	2	4.3	26.0	384968407	18.0	0.0	2.0	60000	0.0	5.0	18000	0.675	2.25	10.0	12	-4.63	1146624.065	-4.63	0	1127	37.405
13.913	2	4.3	26.0	384968407	18.0	0.0	2.0	60000	0.0	5.0	18000	0.675	2.25	10.0	12	-4.63	1146624.065	-4.63	0	1127	37.716
15.942	2	4.3	26.0	384968407	18.0	0.0	2.0	60000	0.0	5.0	18000	0.675	2.25	10.0	12	-4.63	1146624.065	-4.63	0	1127	39.896
17.971	2	4.3	26.0	384968407	18.0	0.0	2.0	60000	0.0	5.0	18000	0.675	2.25	10.0	12	-4.63	1146624.065	-4.63	0	1127	40.83
19.855	2	4.3	26.0	384968407	18.0	0.0	2.0	60000	0.0	5.0	18000	0.675	2.25	10.0	12	-4.63	1146624.065	-4.63	0	1127	43.945
21.884	2	4.3	26.0	384968407	18.0	0.0	2.0	60000	0.0	5.0	18000	0.675	2.25	10.0	12	-4.63	1146624.065	-4.63	0	1127	49.55
23.913	2	4.3	26.0	384968407	18.0	0.0	2.0	60000	0.0	5.0	18000	0.675	2.25	10.0	12	-4.63	1146624.065	-4.63	0	1127	53.91
25.796999999999997	2	4.3	26.0	384968407	18.0	0.0	2.0	60000	0.0	5.0	18000	0.675	2.25	10.0	12	-4.63	1146624.065	-4.63	0	1127	59.516000000000005
27.971	2	4.3	26.0	384968407	18.0	0.0	2.0	60000	0.0	5.0	18000	0.675	2.25	10.0	12	-4.63	1146624.065	-4.63	0	1127	62.318000000000005
29.855	2	4.3	26.0	384968407	18.0	0.0	2.0	60000	0.0	5.0	18000	0.675	2.25	10.0	12	-4.63	1146624.065	-4.63	0	1127	65.12100000000001
31.884	2	4.3	26.0	384968407	18.0	0.0	2.0	60000	0.0	5.0	18000	0.675	2.25	10.0	12	-4.63	1146624.065	-4.63	0	1127	71.038
34.058	2	4.3	26.0	384968407	18.0	0.0	2.0	60000	0.0	5.0	18000	0.675	2.25	10.0	12	-4.63	1146624.065	-4.63	0	1127	71.661
35.942	2	4.3	26.0	384968407	18.0	0.0	2.0	60000	0.0	5.0	18000	0.675	2.25	10.0	12	-4.63	1146624.065	-4.63	0	1127	71.34899999999999
37.826	2	4.3	26.0	384968407	18.0	0.0	2.0	60000	0.0	5.0	18000	0.675	2.25	10.0	12	-4.63	1146624.065	-4.63	0	1127	71.661
40.0	2	4.3	26.0	384968407	18.0	0.0	2.0	60000	0.0	5.0	18000	0.675	2.25	10.0	12	-4.63	1146624.065	-4.63	0	1127	72.28399999999999
42.028999999999996	2	4.3	26.0	384968407	18.0	0.0	2.0	60000	0.0	5.0	18000	0.675	2.25	10.0	12	-4.63	1146624.065	-4.63	0	1127	73.529
43.913000000000004	2	4.3	26.0	384968407	18.0	0.0	2.0	60000	0.0	5.0	18000	0.675	2.25	10.0	12	-4.63	1146624.065	-4.63	0	1127	74.152
46.957	2	4.3	26.0	384968407	18.0	0.0	2.0	60000	0.0	5.0	18000	0.675	2.25	10.0	12	-4.63	1146624.065	-4.63	0	1127	77.578
48.986000000000004	2	4.3	26.0	384968407	18.0	0.0	2.0	60000	0.0	5.0	18000	0.675	2.25	10.0	12	-4.63	1146624.065	-4.63	0	1127	78.512
51.013999999999996	2	4.3	26.0	384968407	18.0	0.0	2.0	60000	0.0	5.0	18000	0.675	2.25	10.0	12	-4.63	1146624.065	-4.63	0	1127	79.135
53.768	2	4.3	26.0	384968407	18.0	0.0	2.0	60000	0.0	5.0	18000	0.675	2.25	10.0	12	-4.63	1146624.065	-4.63	0	1127	79.446
55.797	2	4.3	26.0	384968407	18.0	0.0	2.0	60000	0.0	5.0	18000	0.675	2.25	10.0	12	-4.63	1146624.065	-4.63	0	1127	79.446
57.826	2	4.3	26.0	384968407	18.0	0.0	2.0	60000	0.0	5.0	18000	0.675	2.25	10.0	12	-4.63	1146624.065	-4.63	0	1127	79.446
1.014	2	4.6	91.0	384968407	18.0	0.0	2.0	60000	0.0	5.0	18000	0.675	2.25	10.0	12	1.11	1146624.065	1.11	0	1127	36.159
1.8840000000000001	2	4.6	91.0	384968407	18.0	0.0	2.0	60000	0.0	5.0	18000	0.675	2.25	10.0	12	1.11	1146624.065	1.11	0	1127	49.55
3.9130000000000003	2	4.6	91.0	384968407	18.0	0.0	2.0	60000	0.0	5.0	18000	0.675	2.25	10.0	12	1.11	1146624.065	1.11	0	1127	53.599
5.797000000000001	2	4.6	91.0	384968407	18.0	0.0	2.0	60000	0.0	5.0	18000	0.675	2.25	10.0	12	1.11	1146624.065	1.11	0	1127	55.467
7.971	2	4.6	91.0	384968407	18.0	0.0	2.0	60000	0.0	5.0	18000	0.675	2.25	10.0	12	1.11	1146624.065	1.11	0	1127	56.401
10.0	2	4.6	91.0	384968407	18.0	0.0	2.0	60000	0.0	5.0	18000	0.675	2.25	10.0	12	1.11	1146624.065	1.11	0	1127	57.023999999999994
11.884	2	4.6	91.0	384968407	18.0	0.0	2.0	60000	0.0	5.0	18000	0.675	2.25	10.0	12	1.11	1146624.065	1.11	0	1127	60.45
14.058	2	4.6	91.0	384968407	18.0	0.0	2.0	60000	0.0	5.0	18000	0.675	2.25	10.0	12	1.11	1146624.065	1.11	0	1127	65.12100000000001
15.942	2	4.6	91.0	384968407	18.0	0.0	2.0	60000	0.0	5.0	18000	0.675	2.25	10.0	12	1.11	1146624.065	1.11	0	1127	69.17
17.826	2	4.6	91.0	384968407	18.0	0.0	2.0	60000	0.0	5.0	18000	0.675	2.25	10.0	12	1.11	1146624.065	1.11	0	1127	72.28399999999999
20.0	2	4.6	91.0	384968407	18.0	0.0	2.0	60000	0.0	5.0	18000	0.675	2.25	10.0	12	1.11	1146624.065	1.11	0	1127	76.64399999999999
21.884	2	4.6	91.0	384968407	18.0	0.0	2.0	60000	0.0	5.0	18000	0.675	2.25	10.0	12	1.11	1146624.065	1.11	0	1127	79.758
23.913	2	4.6	91.0	384968407	18.0	0.0	2.0	60000	0.0	5.0	18000	0.675	2.25	10.0	12	1.11	1146624.065	1.11	0	1127	81.93799999999999
25.796999999999997	2	4.6	91.0	384968407	18.0	0.0	2.0	60000	0.0	5.0	18000	0.675	2.25	10.0	12	1.11	1146624.065	1.11	0	1127	83.806
28.116	2	4.6	91.0	384968407	18.0	0.0	2.0	60000	0.0	5.0	18000	0.675	2.25	10.0	12	1.11	1146624.065	1.11	0	1127	85.052
30.0	2	4.6	91.0	384968407	18.0	0.0	2.0	60000	0.0	5.0	18000	0.675	2.25	10.0	12	1.11	1146624.065	1.11	0	1127	86.92
31.884	2	4.6	91.0	384968407	18.0	0.0	2.0	60000	0.0	5.0	18000	0.675	2.25	10.0	12	1.11	1146624.065	1.11	0	1127	90.035
33.913000000000004	2	4.6	91.0	384968407	18.0	0.0	2.0	60000	0.0	5.0	18000	0.675	2.25	10.0	12	1.11	1146624.065	1.11	0	1127	90.346
35.942	2	4.6	91.0	384968407	18.0	0.0	2.0	60000	0.0	5.0	18000	0.675	2.25	10.0	12	1.11	1146624.065	1.11	0	1127	91.28
37.971	2	4.6	91.0	384968407	18.0	0.0	2.0	60000	0.0	5.0	18000	0.675	2.25	10.0	12	1.11	1146624.065	1.11	0	1127	91.28
40.0	2	4.6	91.0	384968407	18.0	0.0	2.0	60000	0.0	5.0	18000	0.675	2.25	10.0	12	1.11	1146624.065	1.11	0	1127	92.215
42.028999999999996	2	4.6	91.0	384968407	18.0	0.0	2.0	60000	0.0	5.0	18000	0.675	2.25	10.0	12	1.11	1146624.065	1.11	0	1127	92.52600000000001
44.058	2	4.6	91.0	384968407	18.0	0.0	2.0	60000	0.0	5.0	18000	0.675	2.25	10.0	12	1.11	1146624.065	1.11	0	1127	92.52600000000001
46.812	2	4.6	91.0	384968407	18.0	0.0	2.0	60000	0.0	5.0	18000	0.675	2.25	10.0	12	1.11	1146624.065	1.11	0	1127	93.149
48.841	2	4.6	91.0	384968407	18.0	0.0	2.0	60000	0.0	5.0	18000	0.675	2.25	10.0	12	1.11	1146624.065	1.11	0	1127	93.772
50.87	2	4.6	91.0	384968407	18.0	0.0	2.0	60000	0.0	5.0	18000	0.675	2.25	10.0	12	1.11	1146624.065	1.11	0	1127	94.39399999999999
54.058	2	4.6	91.0	384968407	18.0	0.0	2.0	60000	0.0	5.0	18000	0.675	2.25	10.0	12	1.11	1146624.065	1.11	0	1127	94.706
55.797	2	4.6	91.0	384968407	18.0	0.0	2.0	60000	0.0	5.0	18000	0.675	2.25	10.0	12	1.11	1146624.065	1.11	0	1127	94.706
57.971000000000004	2	4.6	91.0	384968407	18.0	0.0	2.0	60000	0.0	5.0	18000	0.675	2.25	10.0	12	1.11	1146624.065	1.11	0	1127	94.706
1.014	2	7.3	54.0	384968407	18.0	0.0	2.0	60000	0.0	5.0	18000	0.675	0.0	10.0	12	0.0	1146624.065	0.0	0	1127	53.91
1.8840000000000001	2	7.3	54.0	384968407	18.0	0.0	2.0	60000	0.0	5.0	18000	0.675	0.0	10.0	12	0.0	1146624.065	0.0	0	1127	58.27
4.058	2	7.3	54.0	384968407	18.0	0.0	2.0	60000	0.0	5.0	18000	0.675	0.0	10.0	12	0.0	1146624.065	0.0	0	1127	63.875
6.087000000000001	2	7.3	54.0	384968407	18.0	0.0	2.0	60000	0.0	5.0	18000	0.675	0.0	10.0	12	0.0	1146624.065	0.0	0	1127	66.367
7.971	2	7.3	54.0	384968407	18.0	0.0	2.0	60000	0.0	5.0	18000	0.675	0.0	10.0	12	0.0	1146624.065	0.0	0	1127	68.235
10.0	2	7.3	54.0	384968407	18.0	0.0	2.0	60000	0.0	5.0	18000	0.675	0.0	10.0	12	0.0	1146624.065	0.0	0	1127	69.48100000000001
12.029000000000002	2	7.3	54.0	384968407	18.0	0.0	2.0	60000	0.0	5.0	18000	0.675	0.0	10.0	12	0.0	1146624.065	0.0	0	1127	70.415
14.058	2	7.3	54.0	384968407	18.0	0.0	2.0	60000	0.0	5.0	18000	0.675	0.0	10.0	12	0.0	1146624.065	0.0	0	1127	71.34899999999999
15.942	2	7.3	54.0	384968407	18.0	0.0	2.0	60000	0.0	5.0	18000	0.675	0.0	10.0	12	0.0	1146624.065	0.0	0	1127	72.595
17.971	2	7.3	54.0	384968407	18.0	0.0	2.0	60000	0.0	5.0	18000	0.675	0.0	10.0	12	0.0	1146624.065	0.0	0	1127	73.529
20.145	2	7.3	54.0	384968407	18.0	0.0	2.0	60000	0.0	5.0	18000	0.675	0.0	10.0	12	0.0	1146624.065	0.0	0	1127	74.464
21.884	2	7.3	54.0	384968407	18.0	0.0	2.0	60000	0.0	5.0	18000	0.675	0.0	10.0	12	0.0	1146624.065	0.0	0	1127	76.021
23.768	2	7.3	54.0	384968407	18.0	0.0	2.0	60000	0.0	5.0	18000	0.675	0.0	10.0	12	0.0	1146624.065	0.0	0	1127	77.578
25.941999999999997	2	7.3	54.0	384968407	18.0	0.0	2.0	60000	0.0	5.0	18000	0.675	0.0	10.0	12	0.0	1146624.065	0.0	0	1127	78.20100000000001
27.971	2	7.3	54.0	384968407	18.0	0.0	2.0	60000	0.0	5.0	18000	0.675	0.0	10.0	12	0.0	1146624.065	0.0	0	1127	79.135
29.855	2	7.3	54.0	384968407	18.0	0.0	2.0	60000	0.0	5.0	18000	0.675	0.0	10.0	12	0.0	1146624.065	0.0	0	1127	80.069
31.739	2	7.3	54.0	384968407	18.0	0.0	2.0	60000	0.0	5.0	18000	0.675	0.0	10.0	12	0.0	1146624.065	0.0	0	1127	81.003
34.058	2	7.3	54.0	384968407	18.0	0.0	2.0	60000	0.0	5.0	18000	0.675	0.0	10.0	12	0.0	1146624.065	0.0	0	1127	81.315
35.942	2	7.3	54.0	384968407	18.0	0.0	2.0	60000	0.0	5.0	18000	0.675	0.0	10.0	12	0.0	1146624.065	0.0	0	1127	81.315
37.826	2	7.3	54.0	384968407	18.0	0.0	2.0	60000	0.0	5.0	18000	0.675	0.0	10.0	12	0.0	1146624.065	0.0	0	1127	81.93799999999999
39.855	2	7.3	54.0	384968407	18.0	0.0	2.0	60000	0.0	5.0	18000	0.675	0.0	10.0	12	0.0	1146624.065	0.0	0	1127	81.93799999999999
41.88399999999999	2	7.3	54.0	384968407	18.0	0.0	2.0	60000	0.0	5.0	18000	0.675	0.0	10.0	12	0.0	1146624.065	0.0	0	1127	82.249
43.913000000000004	2	7.3	54.0	384968407	18.0	0.0	2.0	60000	0.0	5.0	18000	0.675	0.0	10.0	12	0.0	1146624.065	0.0	0	1127	82.561
46.957	2	7.3	54.0	384968407	18.0	0.0	2.0	60000	0.0	5.0	18000	0.675	0.0	10.0	12	0.0	1146624.065	0.0	0	1127	82.87200000000001
48.986000000000004	2	7.3	54.0	384968407	18.0	0.0	2.0	60000	0.0	5.0	18000	0.675	0.0	10.0	12	0.0	1146624.065	0.0	0	1127	82.87200000000001
50.87	2	7.3	54.0	384968407	18.0	0.0	2.0	60000	0.0	5.0	18000	0.675	0.0	10.0	12	0.0	1146624.065	0.0	0	1127	83.18299999999999
53.768	2	7.3	54.0	384968407	18.0	0.0	2.0	60000	0.0	5.0	18000	0.675	0.0	10.0	12	0.0	1146624.065	0.0	0	1127	83.18299999999999
55.942	2	7.3	54.0	384968407	18.0	0.0	2.0	60000	0.0	5.0	18000	0.675	0.0	10.0	12	0.0	1146624.065	0.0	0	1127	82.87200000000001
57.971000000000004	2	7.3	54.0	384968407	18.0	0.0	2.0	60000	0.0	5.0	18000	0.675	0.0	10.0	12	0.0	1146624.065	0.0	0	1127	83.18299999999999
